Loading Player1 ././bots/bot.py
Loading Player2 ././bots/random_bot.py
Init
Found:  4 27
Path Tuple:  (9, 4, 27, [(2, 20), (2, 21), (2, 22), (2, 23), (2, 24), (2, 25), (2, 26), (2, 27), (3, 27), (4, 27)])
Focus:  (2, 20)
Before: {(4, 27)}
After: {(2, 27), (3, 27), (2, 23), (2, 20), (2, 26), (2, 22), (2, 25), (4, 27), (2, 21), (2, 24)}
Round 0 Bids: R : 0, B : 1 - BLUE starts
Found:  2 20
Path Tuple:  (0, 2, 20, [(2, 20)])
Focus:  (2, 20)
Before: {(2, 27), (3, 27), (2, 23), (2, 20), (2, 26), (2, 22), (2, 25), (4, 27), (2, 21), (2, 24)}
After: {(2, 27), (3, 27), (2, 23), (2, 20), (2, 26), (2, 22), (2, 25), (4, 27), (2, 21), (2, 24)}
Round 1 Bids: R : 0, B : 2 - BLUE starts
Found:  2 20
Path Tuple:  (0, 2, 20, [(2, 20)])
Focus:  (2, 20)
Before: {(2, 27), (3, 27), (2, 23), (2, 20), (2, 26), (2, 22), (2, 25), (4, 27), (2, 21), (2, 24)}
After: {(2, 27), (3, 27), (2, 23), (2, 20), (2, 26), (2, 22), (2, 25), (4, 27), (2, 21), (2, 24)}
Round 2 Bids: R : 0, B : 1 - BLUE starts
Found:  2 20
Path Tuple:  (0, 2, 20, [(2, 20)])
Focus:  (2, 20)
Before: {(2, 27), (3, 27), (2, 23), (2, 20), (2, 26), (2, 22), (2, 25), (4, 27), (2, 21), (2, 24)}
After: {(2, 27), (3, 27), (2, 23), (2, 20), (2, 26), (2, 22), (2, 25), (4, 27), (2, 21), (2, 24)}
Round 3 Bids: R : 0, B : 2 - BLUE starts
Found:  2 20
Path Tuple:  (0, 2, 20, [(2, 20)])
Focus:  (2, 20)
Before: {(2, 27), (3, 27), (2, 23), (2, 20), (2, 26), (2, 22), (2, 25), (4, 27), (2, 21), (2, 24)}
After: {(2, 27), (3, 27), (2, 23), (2, 20), (2, 26), (2, 22), (2, 25), (4, 27), (2, 21), (2, 24)}
Round 4 Bids: R : 0, B : 2 - BLUE starts
Found:  2 20
Path Tuple:  (0, 2, 20, [(2, 20)])
Focus:  (2, 20)
Before: {(2, 27), (3, 27), (2, 23), (2, 20), (2, 26), (2, 22), (2, 25), (4, 27), (2, 21), (2, 24)}
After: {(2, 27), (3, 27), (2, 23), (2, 20), (2, 26), (2, 22), (2, 25), (4, 27), (2, 21), (2, 24)}
Round 5 Bids: R : 0, B : 1 - BLUE starts
Found:  2 20
Path Tuple:  (0, 2, 20, [(2, 20)])
Focus:  (2, 20)
Before: {(2, 27), (3, 27), (2, 23), (2, 20), (2, 26), (2, 22), (2, 25), (4, 27), (2, 21), (2, 24)}
After: {(2, 27), (3, 27), (2, 23), (2, 20), (2, 26), (2, 22), (2, 25), (4, 27), (2, 21), (2, 24)}
Round 6 Bids: R : 0, B : 2 - BLUE starts
Found:  2 20
Path Tuple:  (0, 2, 20, [(2, 20)])
Focus:  (2, 20)
Before: {(2, 27), (3, 27), (2, 23), (2, 20), (2, 26), (2, 22), (2, 25), (4, 27), (2, 21), (2, 24)}
After: {(2, 27), (3, 27), (2, 23), (2, 20), (2, 26), (2, 22), (2, 25), (4, 27), (2, 21), (2, 24)}
Round 7 Bids: R : 0, B : 2 - BLUE starts
Found:  2 20
Path Tuple:  (0, 2, 20, [(2, 20)])
Focus:  (2, 20)
Before: {(2, 27), (3, 27), (2, 23), (2, 20), (2, 26), (2, 22), (2, 25), (4, 27), (2, 21), (2, 24)}
After: {(2, 27), (3, 27), (2, 23), (2, 20), (2, 26), (2, 22), (2, 25), (4, 27), (2, 21), (2, 24)}
Round 8 Bids: R : 0, B : 1 - BLUE starts
Found:  2 20
Path Tuple:  (0, 2, 20, [(2, 20)])
Focus:  (2, 20)
Before: {(2, 27), (3, 27), (2, 23), (2, 20), (2, 26), (2, 22), (2, 25), (4, 27), (2, 21), (2, 24)}
After: {(2, 27), (3, 27), (2, 23), (2, 20), (2, 26), (2, 22), (2, 25), (4, 27), (2, 21), (2, 24)}
Round 9 Bids: R : 0, B : 2 - BLUE starts
Found:  2 20
Path Tuple:  (0, 2, 20, [(2, 20)])
Focus:  (2, 20)
Before: {(2, 27), (3, 27), (2, 23), (2, 20), (2, 26), (2, 22), (2, 25), (4, 27), (2, 21), (2, 24)}
After: {(2, 27), (3, 27), (2, 23), (2, 20), (2, 26), (2, 22), (2, 25), (4, 27), (2, 21), (2, 24)}
Round 10 Bids: R : 0, B : 1 - BLUE starts
Found:  2 20
Path Tuple:  (0, 2, 20, [(2, 20)])
Focus:  (2, 20)
Before: {(2, 27), (3, 27), (2, 23), (2, 20), (2, 26), (2, 22), (2, 25), (4, 27), (2, 21), (2, 24)}
After: {(2, 27), (3, 27), (2, 23), (2, 20), (2, 26), (2, 22), (2, 25), (4, 27), (2, 21), (2, 24)}
Round 11 Bids: R : 0, B : 1 - BLUE starts
Found:  2 20
Path Tuple:  (0, 2, 20, [(2, 20)])
Focus:  (2, 20)
Before: {(2, 27), (3, 27), (2, 23), (2, 20), (2, 26), (2, 22), (2, 25), (4, 27), (2, 21), (2, 24)}
After: {(2, 27), (3, 27), (2, 23), (2, 20), (2, 26), (2, 22), (2, 25), (4, 27), (2, 21), (2, 24)}
Round 12 Bids: R : 0, B : 2 - BLUE starts
Found:  2 20
Path Tuple:  (0, 2, 20, [(2, 20)])
Focus:  (2, 20)
Before: {(2, 27), (3, 27), (2, 23), (2, 20), (2, 26), (2, 22), (2, 25), (4, 27), (2, 21), (2, 24)}
After: {(2, 27), (3, 27), (2, 23), (2, 20), (2, 26), (2, 22), (2, 25), (4, 27), (2, 21), (2, 24)}
Round 13 Bids: R : 0, B : 2 - BLUE starts
Found:  2 20
Path Tuple:  (0, 2, 20, [(2, 20)])
Focus:  (2, 20)
Before: {(2, 27), (3, 27), (2, 23), (2, 20), (2, 26), (2, 22), (2, 25), (4, 27), (2, 21), (2, 24)}
After: {(2, 27), (3, 27), (2, 23), (2, 20), (2, 26), (2, 22), (2, 25), (4, 27), (2, 21), (2, 24)}
Round 14 Bids: R : 0, B : 2 - BLUE starts
Found:  2 20
Path Tuple:  (0, 2, 20, [(2, 20)])
Focus:  (2, 20)
Before: {(2, 27), (3, 27), (2, 23), (2, 20), (2, 26), (2, 22), (2, 25), (4, 27), (2, 21), (2, 24)}
After: {(2, 27), (3, 27), (2, 23), (2, 20), (2, 26), (2, 22), (2, 25), (4, 27), (2, 21), (2, 24)}
Round 15 Bids: R : 0, B : 1 - BLUE starts
Found:  2 20
Path Tuple:  (0, 2, 20, [(2, 20)])
Focus:  (2, 20)
Before: {(2, 27), (3, 27), (2, 23), (2, 20), (2, 26), (2, 22), (2, 25), (4, 27), (2, 21), (2, 24)}
After: {(2, 27), (3, 27), (2, 23), (2, 20), (2, 26), (2, 22), (2, 25), (4, 27), (2, 21), (2, 24)}
Round 16 Bids: R : 0, B : 1 - BLUE starts
Found:  2 20
Path Tuple:  (0, 2, 20, [(2, 20)])
Focus:  (2, 20)
Before: {(2, 27), (3, 27), (2, 23), (2, 20), (2, 26), (2, 22), (2, 25), (4, 27), (2, 21), (2, 24)}
After: {(2, 27), (3, 27), (2, 23), (2, 20), (2, 26), (2, 22), (2, 25), (4, 27), (2, 21), (2, 24)}
Round 17 Bids: R : 0, B : 1 - BLUE starts
Found:  2 20
Path Tuple:  (0, 2, 20, [(2, 20)])
Focus:  (2, 20)
Before: {(2, 27), (3, 27), (2, 23), (2, 20), (2, 26), (2, 22), (2, 25), (4, 27), (2, 21), (2, 24)}
After: {(2, 27), (3, 27), (2, 23), (2, 20), (2, 26), (2, 22), (2, 25), (4, 27), (2, 21), (2, 24)}
Round 18 Bids: R : 0, B : 1 - BLUE starts
Found:  2 20
Path Tuple:  (0, 2, 20, [(2, 20)])
Focus:  (2, 20)
Before: {(2, 27), (3, 27), (2, 23), (2, 20), (2, 26), (2, 22), (2, 25), (4, 27), (2, 21), (2, 24)}
After: {(2, 27), (3, 27), (2, 23), (2, 20), (2, 26), (2, 22), (2, 25), (4, 27), (2, 21), (2, 24)}
Round 19 Bids: R : 0, B : 1 - BLUE starts
Found:  2 20
Path Tuple:  (0, 2, 20, [(2, 20)])
Focus:  (2, 20)
Before: {(2, 27), (3, 27), (2, 23), (2, 20), (2, 26), (2, 22), (2, 25), (4, 27), (2, 21), (2, 24)}
After: {(2, 27), (3, 27), (2, 23), (2, 20), (2, 26), (2, 22), (2, 25), (4, 27), (2, 21), (2, 24)}
Round 20 Bids: R : 0, B : 1 - BLUE starts
Found:  2 20
Path Tuple:  (0, 2, 20, [(2, 20)])
Focus:  (2, 20)
Before: {(2, 27), (3, 27), (2, 23), (2, 20), (2, 26), (2, 22), (2, 25), (4, 27), (2, 21), (2, 24)}
After: {(2, 27), (3, 27), (2, 23), (2, 20), (2, 26), (2, 22), (2, 25), (4, 27), (2, 21), (2, 24)}
Round 21 Bids: R : 0, B : 1 - BLUE starts
Found:  2 20
Path Tuple:  (0, 2, 20, [(2, 20)])
Focus:  (2, 20)
Before: {(2, 27), (3, 27), (2, 23), (2, 20), (2, 26), (2, 22), (2, 25), (4, 27), (2, 21), (2, 24)}
After: {(2, 27), (3, 27), (2, 23), (2, 20), (2, 26), (2, 22), (2, 25), (4, 27), (2, 21), (2, 24)}
Round 22 Bids: R : 0, B : 1 - BLUE starts
Found:  2 20
Path Tuple:  (0, 2, 20, [(2, 20)])
Focus:  (2, 20)
Before: {(2, 27), (3, 27), (2, 23), (2, 20), (2, 26), (2, 22), (2, 25), (4, 27), (2, 21), (2, 24)}
After: {(2, 27), (3, 27), (2, 23), (2, 20), (2, 26), (2, 22), (2, 25), (4, 27), (2, 21), (2, 24)}
Round 23 Bids: R : 0, B : 2 - BLUE starts
Found:  2 20
Path Tuple:  (0, 2, 20, [(2, 20)])
Focus:  (2, 20)
Before: {(2, 27), (3, 27), (2, 23), (2, 20), (2, 26), (2, 22), (2, 25), (4, 27), (2, 21), (2, 24)}
After: {(2, 27), (3, 27), (2, 23), (2, 20), (2, 26), (2, 22), (2, 25), (4, 27), (2, 21), (2, 24)}
Round 24 Bids: R : 0, B : 1 - BLUE starts
Found:  2 20
Path Tuple:  (0, 2, 20, [(2, 20)])
Focus:  (2, 20)
Before: {(2, 27), (3, 27), (2, 23), (2, 20), (2, 26), (2, 22), (2, 25), (4, 27), (2, 21), (2, 24)}
After: {(2, 27), (3, 27), (2, 23), (2, 20), (2, 26), (2, 22), (2, 25), (4, 27), (2, 21), (2, 24)}
Round 25 Bids: R : 0, B : 1 - BLUE starts
Found:  2 20
Path Tuple:  (0, 2, 20, [(2, 20)])
Focus:  (2, 20)
Before: {(2, 27), (3, 27), (2, 23), (2, 20), (2, 26), (2, 22), (2, 25), (4, 27), (2, 21), (2, 24)}
After: {(2, 27), (3, 27), (2, 23), (2, 20), (2, 26), (2, 22), (2, 25), (4, 27), (2, 21), (2, 24)}
Round 26 Bids: R : 0, B : 1 - BLUE starts
Found:  2 20
Path Tuple:  (0, 2, 20, [(2, 20)])
Focus:  (2, 20)
Before: {(2, 27), (3, 27), (2, 23), (2, 20), (2, 26), (2, 22), (2, 25), (4, 27), (2, 21), (2, 24)}
After: {(2, 27), (3, 27), (2, 23), (2, 20), (2, 26), (2, 22), (2, 25), (4, 27), (2, 21), (2, 24)}
Round 27 Bids: R : 0, B : 2 - BLUE starts
Found:  2 20
Path Tuple:  (0, 2, 20, [(2, 20)])
Focus:  (2, 20)
Before: {(2, 27), (3, 27), (2, 23), (2, 20), (2, 26), (2, 22), (2, 25), (4, 27), (2, 21), (2, 24)}
After: {(2, 27), (3, 27), (2, 23), (2, 20), (2, 26), (2, 22), (2, 25), (4, 27), (2, 21), (2, 24)}
Round 28 Bids: R : 0, B : 2 - BLUE starts
Found:  2 20
Path Tuple:  (0, 2, 20, [(2, 20)])
Focus:  (2, 20)
Before: {(2, 27), (3, 27), (2, 23), (2, 20), (2, 26), (2, 22), (2, 25), (4, 27), (2, 21), (2, 24)}
After: {(2, 27), (3, 27), (2, 23), (2, 20), (2, 26), (2, 22), (2, 25), (4, 27), (2, 21), (2, 24)}
Round 29 Bids: R : 0, B : 1 - BLUE starts
Found:  2 20
Path Tuple:  (0, 2, 20, [(2, 20)])
Focus:  (2, 20)
Before: {(2, 27), (3, 27), (2, 23), (2, 20), (2, 26), (2, 22), (2, 25), (4, 27), (2, 21), (2, 24)}
After: {(2, 27), (3, 27), (2, 23), (2, 20), (2, 26), (2, 22), (2, 25), (4, 27), (2, 21), (2, 24)}
Round 30 Bids: R : 0, B : 2 - BLUE starts
Found:  2 20
Path Tuple:  (0, 2, 20, [(2, 20)])
Focus:  (2, 20)
Before: {(2, 27), (3, 27), (2, 23), (2, 20), (2, 26), (2, 22), (2, 25), (4, 27), (2, 21), (2, 24)}
After: {(2, 27), (3, 27), (2, 23), (2, 20), (2, 26), (2, 22), (2, 25), (4, 27), (2, 21), (2, 24)}
Round 31 Bids: R : 0, B : 1 - BLUE starts
Found:  2 20
Path Tuple:  (0, 2, 20, [(2, 20)])
Focus:  (2, 20)
Before: {(2, 27), (3, 27), (2, 23), (2, 20), (2, 26), (2, 22), (2, 25), (4, 27), (2, 21), (2, 24)}
After: {(2, 27), (3, 27), (2, 23), (2, 20), (2, 26), (2, 22), (2, 25), (4, 27), (2, 21), (2, 24)}
Round 32 Bids: R : 0, B : 1 - BLUE starts
Found:  2 20
Path Tuple:  (0, 2, 20, [(2, 20)])
Focus:  (2, 20)
Before: {(2, 27), (3, 27), (2, 23), (2, 20), (2, 26), (2, 22), (2, 25), (4, 27), (2, 21), (2, 24)}
After: {(2, 27), (3, 27), (2, 23), (2, 20), (2, 26), (2, 22), (2, 25), (4, 27), (2, 21), (2, 24)}
Round 33 Bids: R : 0, B : 1 - BLUE starts
Found:  2 20
Path Tuple:  (0, 2, 20, [(2, 20)])
Focus:  (2, 20)
Before: {(2, 27), (3, 27), (2, 23), (2, 20), (2, 26), (2, 22), (2, 25), (4, 27), (2, 21), (2, 24)}
After: {(2, 27), (3, 27), (2, 23), (2, 20), (2, 26), (2, 22), (2, 25), (4, 27), (2, 21), (2, 24)}
Round 34 Bids: R : 0, B : 1 - BLUE starts
Found:  2 20
Path Tuple:  (0, 2, 20, [(2, 20)])
Focus:  (2, 20)
Before: {(2, 27), (3, 27), (2, 23), (2, 20), (2, 26), (2, 22), (2, 25), (4, 27), (2, 21), (2, 24)}
After: {(2, 27), (3, 27), (2, 23), (2, 20), (2, 26), (2, 22), (2, 25), (4, 27), (2, 21), (2, 24)}
Round 35 Bids: R : 0, B : 2 - BLUE starts
Found:  2 20
Path Tuple:  (0, 2, 20, [(2, 20)])
Focus:  (2, 20)
Before: {(2, 27), (3, 27), (2, 23), (2, 20), (2, 26), (2, 22), (2, 25), (4, 27), (2, 21), (2, 24)}
After: {(2, 27), (3, 27), (2, 23), (2, 20), (2, 26), (2, 22), (2, 25), (4, 27), (2, 21), (2, 24)}
Round 36 Bids: R : 0, B : 1 - BLUE starts
Found:  2 20
Path Tuple:  (0, 2, 20, [(2, 20)])
Focus:  (2, 20)
Before: {(2, 27), (3, 27), (2, 23), (2, 20), (2, 26), (2, 22), (2, 25), (4, 27), (2, 21), (2, 24)}
After: {(2, 27), (3, 27), (2, 23), (2, 20), (2, 26), (2, 22), (2, 25), (4, 27), (2, 21), (2, 24)}
Round 37 Bids: R : 0, B : 1 - BLUE starts
Found:  2 20
Path Tuple:  (0, 2, 20, [(2, 20)])
Focus:  (2, 20)
Before: {(2, 27), (3, 27), (2, 23), (2, 20), (2, 26), (2, 22), (2, 25), (4, 27), (2, 21), (2, 24)}
After: {(2, 27), (3, 27), (2, 23), (2, 20), (2, 26), (2, 22), (2, 25), (4, 27), (2, 21), (2, 24)}
Round 38 Bids: R : 0, B : 2 - BLUE starts
Found:  2 20
Path Tuple:  (0, 2, 20, [(2, 20)])
Focus:  (2, 20)
Before: {(2, 27), (3, 27), (2, 23), (2, 20), (2, 26), (2, 22), (2, 25), (4, 27), (2, 21), (2, 24)}
After: {(2, 27), (3, 27), (2, 23), (2, 20), (2, 26), (2, 22), (2, 25), (4, 27), (2, 21), (2, 24)}
Round 39 Bids: R : 0, B : 1 - BLUE starts
Found:  2 20
Path Tuple:  (0, 2, 20, [(2, 20)])
Focus:  (2, 20)
Before: {(2, 27), (3, 27), (2, 23), (2, 20), (2, 26), (2, 22), (2, 25), (4, 27), (2, 21), (2, 24)}
After: {(2, 27), (3, 27), (2, 23), (2, 20), (2, 26), (2, 22), (2, 25), (4, 27), (2, 21), (2, 24)}
Round 40 Bids: R : 0, B : 1 - BLUE starts
Found:  2 20
Path Tuple:  (0, 2, 20, [(2, 20)])
Focus:  (2, 20)
Before: {(2, 27), (3, 27), (2, 23), (2, 20), (2, 26), (2, 22), (2, 25), (4, 27), (2, 21), (2, 24)}
After: {(2, 27), (3, 27), (2, 23), (2, 20), (2, 26), (2, 22), (2, 25), (4, 27), (2, 21), (2, 24)}
Round 41 Bids: R : 0, B : 2 - BLUE starts
Found:  2 20
Path Tuple:  (0, 2, 20, [(2, 20)])
Focus:  (2, 20)
Before: {(2, 27), (3, 27), (2, 23), (2, 20), (2, 26), (2, 22), (2, 25), (4, 27), (2, 21), (2, 24)}
After: {(2, 27), (3, 27), (2, 23), (2, 20), (2, 26), (2, 22), (2, 25), (4, 27), (2, 21), (2, 24)}
Round 42 Bids: R : 0, B : 2 - BLUE starts
Found:  2 20
Path Tuple:  (0, 2, 20, [(2, 20)])
Focus:  (2, 20)
Before: {(2, 27), (3, 27), (2, 23), (2, 20), (2, 26), (2, 22), (2, 25), (4, 27), (2, 21), (2, 24)}
After: {(2, 27), (3, 27), (2, 23), (2, 20), (2, 26), (2, 22), (2, 25), (4, 27), (2, 21), (2, 24)}
Round 43 Bids: R : 0, B : 2 - BLUE starts
Found:  2 20
Path Tuple:  (0, 2, 20, [(2, 20)])
Focus:  (2, 20)
Before: {(2, 27), (3, 27), (2, 23), (2, 20), (2, 26), (2, 22), (2, 25), (4, 27), (2, 21), (2, 24)}
After: {(2, 27), (3, 27), (2, 23), (2, 20), (2, 26), (2, 22), (2, 25), (4, 27), (2, 21), (2, 24)}
Round 44 Bids: R : 0, B : 2 - BLUE starts
Found:  2 20
Path Tuple:  (0, 2, 20, [(2, 20)])
Focus:  (2, 20)
Before: {(2, 27), (3, 27), (2, 23), (2, 20), (2, 26), (2, 22), (2, 25), (4, 27), (2, 21), (2, 24)}
After: {(2, 27), (3, 27), (2, 23), (2, 20), (2, 26), (2, 22), (2, 25), (4, 27), (2, 21), (2, 24)}
Round 45 Bids: R : 0, B : 1 - BLUE starts
Found:  2 20
Path Tuple:  (0, 2, 20, [(2, 20)])
Focus:  (2, 20)
Before: {(2, 27), (3, 27), (2, 23), (2, 20), (2, 26), (2, 22), (2, 25), (4, 27), (2, 21), (2, 24)}
After: {(2, 27), (3, 27), (2, 23), (2, 20), (2, 26), (2, 22), (2, 25), (4, 27), (2, 21), (2, 24)}
Round 46 Bids: R : 0, B : 1 - BLUE starts
Found:  2 20
Path Tuple:  (0, 2, 20, [(2, 20)])
Focus:  (2, 20)
Before: {(2, 27), (3, 27), (2, 23), (2, 20), (2, 26), (2, 22), (2, 25), (4, 27), (2, 21), (2, 24)}
After: {(2, 27), (3, 27), (2, 23), (2, 20), (2, 26), (2, 22), (2, 25), (4, 27), (2, 21), (2, 24)}
Round 47 Bids: R : 0, B : 2 - BLUE starts
Found:  2 20
Path Tuple:  (0, 2, 20, [(2, 20)])
Focus:  (2, 20)
Before: {(2, 27), (3, 27), (2, 23), (2, 20), (2, 26), (2, 22), (2, 25), (4, 27), (2, 21), (2, 24)}
After: {(2, 27), (3, 27), (2, 23), (2, 20), (2, 26), (2, 22), (2, 25), (4, 27), (2, 21), (2, 24)}
Round 48 Bids: R : 0, B : 1 - BLUE starts
Found:  2 20
Path Tuple:  (0, 2, 20, [(2, 20)])
Focus:  (2, 20)
Before: {(2, 27), (3, 27), (2, 23), (2, 20), (2, 26), (2, 22), (2, 25), (4, 27), (2, 21), (2, 24)}
After: {(2, 27), (3, 27), (2, 23), (2, 20), (2, 26), (2, 22), (2, 25), (4, 27), (2, 21), (2, 24)}
Round 49 Bids: R : 0, B : 1 - BLUE starts
Found:  2 20
Path Tuple:  (0, 2, 20, [(2, 20)])
Focus:  (2, 20)
Before: {(2, 27), (3, 27), (2, 23), (2, 20), (2, 26), (2, 22), (2, 25), (4, 27), (2, 21), (2, 24)}
After: {(2, 27), (3, 27), (2, 23), (2, 20), (2, 26), (2, 22), (2, 25), (4, 27), (2, 21), (2, 24)}
Round 50 Bids: R : 0, B : 1 - BLUE starts
Found:  2 20
Path Tuple:  (0, 2, 20, [(2, 20)])
Focus:  (2, 20)
Before: {(2, 27), (3, 27), (2, 23), (2, 20), (2, 26), (2, 22), (2, 25), (4, 27), (2, 21), (2, 24)}
After: {(2, 27), (3, 27), (2, 23), (2, 20), (2, 26), (2, 22), (2, 25), (4, 27), (2, 21), (2, 24)}
Round 51 Bids: R : 0, B : 1 - BLUE starts
Found:  2 20
Path Tuple:  (0, 2, 20, [(2, 20)])
Focus:  (2, 20)
Before: {(2, 27), (3, 27), (2, 23), (2, 20), (2, 26), (2, 22), (2, 25), (4, 27), (2, 21), (2, 24)}
After: {(2, 27), (3, 27), (2, 23), (2, 20), (2, 26), (2, 22), (2, 25), (4, 27), (2, 21), (2, 24)}
Round 52 Bids: R : 0, B : 1 - BLUE starts
Found:  2 20
Path Tuple:  (0, 2, 20, [(2, 20)])
Focus:  (2, 20)
Before: {(2, 27), (3, 27), (2, 23), (2, 20), (2, 26), (2, 22), (2, 25), (4, 27), (2, 21), (2, 24)}
After: {(2, 27), (3, 27), (2, 23), (2, 20), (2, 26), (2, 22), (2, 25), (4, 27), (2, 21), (2, 24)}
Round 53 Bids: R : 0, B : 1 - BLUE starts
Found:  2 20
Path Tuple:  (0, 2, 20, [(2, 20)])
Focus:  (2, 20)
Before: {(2, 27), (3, 27), (2, 23), (2, 20), (2, 26), (2, 22), (2, 25), (4, 27), (2, 21), (2, 24)}
After: {(2, 27), (3, 27), (2, 23), (2, 20), (2, 26), (2, 22), (2, 25), (4, 27), (2, 21), (2, 24)}
Round 54 Bids: R : 0, B : 2 - BLUE starts
Found:  2 20
Path Tuple:  (0, 2, 20, [(2, 20)])
Focus:  (2, 20)
Before: {(2, 27), (3, 27), (2, 23), (2, 20), (2, 26), (2, 22), (2, 25), (4, 27), (2, 21), (2, 24)}
After: {(2, 27), (3, 27), (2, 23), (2, 20), (2, 26), (2, 22), (2, 25), (4, 27), (2, 21), (2, 24)}
Round 55 Bids: R : 0, B : 1 - BLUE starts
Found:  2 20
Path Tuple:  (0, 2, 20, [(2, 20)])
Focus:  (2, 20)
Before: {(2, 27), (3, 27), (2, 23), (2, 20), (2, 26), (2, 22), (2, 25), (4, 27), (2, 21), (2, 24)}
After: {(2, 27), (3, 27), (2, 23), (2, 20), (2, 26), (2, 22), (2, 25), (4, 27), (2, 21), (2, 24)}
Round 56 Bids: R : 0, B : 1 - BLUE starts
Found:  2 20
Path Tuple:  (0, 2, 20, [(2, 20)])
Focus:  (2, 20)
Before: {(2, 27), (3, 27), (2, 23), (2, 20), (2, 26), (2, 22), (2, 25), (4, 27), (2, 21), (2, 24)}
After: {(2, 27), (3, 27), (2, 23), (2, 20), (2, 26), (2, 22), (2, 25), (4, 27), (2, 21), (2, 24)}
Round 57 Bids: R : 0, B : 1 - BLUE starts
Found:  2 20
Path Tuple:  (0, 2, 20, [(2, 20)])
Focus:  (2, 20)
Before: {(2, 27), (3, 27), (2, 23), (2, 20), (2, 26), (2, 22), (2, 25), (4, 27), (2, 21), (2, 24)}
After: {(2, 27), (3, 27), (2, 23), (2, 20), (2, 26), (2, 22), (2, 25), (4, 27), (2, 21), (2, 24)}
Round 58 Bids: R : 0, B : 2 - BLUE starts
Found:  2 20
Path Tuple:  (0, 2, 20, [(2, 20)])
Focus:  (2, 20)
Before: {(2, 27), (3, 27), (2, 23), (2, 20), (2, 26), (2, 22), (2, 25), (4, 27), (2, 21), (2, 24)}
After: {(2, 27), (3, 27), (2, 23), (2, 20), (2, 26), (2, 22), (2, 25), (4, 27), (2, 21), (2, 24)}
Round 59 Bids: R : 0, B : 1 - BLUE starts
Found:  2 20
Path Tuple:  (0, 2, 20, [(2, 20)])
Focus:  (2, 20)
Before: {(2, 27), (3, 27), (2, 23), (2, 20), (2, 26), (2, 22), (2, 25), (4, 27), (2, 21), (2, 24)}
After: {(2, 27), (3, 27), (2, 23), (2, 20), (2, 26), (2, 22), (2, 25), (4, 27), (2, 21), (2, 24)}
Round 60 Bids: R : 0, B : 1 - BLUE starts
Found:  2 20
Path Tuple:  (0, 2, 20, [(2, 20)])
Focus:  (2, 20)
Before: {(2, 27), (3, 27), (2, 23), (2, 20), (2, 26), (2, 22), (2, 25), (4, 27), (2, 21), (2, 24)}
After: {(2, 27), (3, 27), (2, 23), (2, 20), (2, 26), (2, 22), (2, 25), (4, 27), (2, 21), (2, 24)}
Round 61 Bids: R : 0, B : 2 - BLUE starts
Found:  2 20
Path Tuple:  (0, 2, 20, [(2, 20)])
Focus:  (2, 20)
Before: {(2, 27), (3, 27), (2, 23), (2, 20), (2, 26), (2, 22), (2, 25), (4, 27), (2, 21), (2, 24)}
After: {(2, 27), (3, 27), (2, 23), (2, 20), (2, 26), (2, 22), (2, 25), (4, 27), (2, 21), (2, 24)}
Round 62 Bids: R : 0, B : 1 - BLUE starts
Found:  2 20
Path Tuple:  (0, 2, 20, [(2, 20)])
Focus:  (2, 20)
Before: {(2, 27), (3, 27), (2, 23), (2, 20), (2, 26), (2, 22), (2, 25), (4, 27), (2, 21), (2, 24)}
After: {(2, 27), (3, 27), (2, 23), (2, 20), (2, 26), (2, 22), (2, 25), (4, 27), (2, 21), (2, 24)}
Round 63 Bids: R : 0, B : 1 - BLUE starts
Found:  2 20
Path Tuple:  (0, 2, 20, [(2, 20)])
Focus:  (2, 20)
Before: {(2, 27), (3, 27), (2, 23), (2, 20), (2, 26), (2, 22), (2, 25), (4, 27), (2, 21), (2, 24)}
After: {(2, 27), (3, 27), (2, 23), (2, 20), (2, 26), (2, 22), (2, 25), (4, 27), (2, 21), (2, 24)}
Round 64 Bids: R : 0, B : 1 - BLUE starts
Found:  2 20
Path Tuple:  (0, 2, 20, [(2, 20)])
Focus:  (2, 20)
Before: {(2, 27), (3, 27), (2, 23), (2, 20), (2, 26), (2, 22), (2, 25), (4, 27), (2, 21), (2, 24)}
After: {(2, 27), (3, 27), (2, 23), (2, 20), (2, 26), (2, 22), (2, 25), (4, 27), (2, 21), (2, 24)}
Round 65 Bids: R : 0, B : 1 - BLUE starts
Found:  2 20
Path Tuple:  (0, 2, 20, [(2, 20)])
Focus:  (2, 20)
Before: {(2, 27), (3, 27), (2, 23), (2, 20), (2, 26), (2, 22), (2, 25), (4, 27), (2, 21), (2, 24)}
After: {(2, 27), (3, 27), (2, 23), (2, 20), (2, 26), (2, 22), (2, 25), (4, 27), (2, 21), (2, 24)}
Round 66 Bids: R : 0, B : 2 - BLUE starts
Found:  2 20
Path Tuple:  (0, 2, 20, [(2, 20)])
Focus:  (2, 20)
Before: {(2, 27), (3, 27), (2, 23), (2, 20), (2, 26), (2, 22), (2, 25), (4, 27), (2, 21), (2, 24)}
After: {(2, 27), (3, 27), (2, 23), (2, 20), (2, 26), (2, 22), (2, 25), (4, 27), (2, 21), (2, 24)}
Round 67 Bids: R : 0, B : 1 - BLUE starts
Found:  2 20
Path Tuple:  (0, 2, 20, [(2, 20)])
Focus:  (2, 20)
Before: {(2, 27), (3, 27), (2, 23), (2, 20), (2, 26), (2, 22), (2, 25), (4, 27), (2, 21), (2, 24)}
After: {(2, 27), (3, 27), (2, 23), (2, 20), (2, 26), (2, 22), (2, 25), (4, 27), (2, 21), (2, 24)}
Round 68 Bids: R : 0, B : 2 - BLUE starts
Found:  2 20
Path Tuple:  (0, 2, 20, [(2, 20)])
Focus:  (2, 20)
Before: {(2, 27), (3, 27), (2, 23), (2, 20), (2, 26), (2, 22), (2, 25), (4, 27), (2, 21), (2, 24)}
After: {(2, 27), (3, 27), (2, 23), (2, 20), (2, 26), (2, 22), (2, 25), (4, 27), (2, 21), (2, 24)}
Round 69 Bids: R : 0, B : 1 - BLUE starts
Found:  2 20
Path Tuple:  (0, 2, 20, [(2, 20)])
Focus:  (2, 20)
Before: {(2, 27), (3, 27), (2, 23), (2, 20), (2, 26), (2, 22), (2, 25), (4, 27), (2, 21), (2, 24)}
After: {(2, 27), (3, 27), (2, 23), (2, 20), (2, 26), (2, 22), (2, 25), (4, 27), (2, 21), (2, 24)}
Round 70 Bids: R : 0, B : 2 - BLUE starts
Found:  2 20
Path Tuple:  (0, 2, 20, [(2, 20)])
Focus:  (2, 20)
Before: {(2, 27), (3, 27), (2, 23), (2, 20), (2, 26), (2, 22), (2, 25), (4, 27), (2, 21), (2, 24)}
After: {(2, 27), (3, 27), (2, 23), (2, 20), (2, 26), (2, 22), (2, 25), (4, 27), (2, 21), (2, 24)}
Round 71 Bids: R : 0, B : 2 - BLUE starts
Found:  2 20
Path Tuple:  (0, 2, 20, [(2, 20)])
Focus:  (2, 20)
Before: {(2, 27), (3, 27), (2, 23), (2, 20), (2, 26), (2, 22), (2, 25), (4, 27), (2, 21), (2, 24)}
After: {(2, 27), (3, 27), (2, 23), (2, 20), (2, 26), (2, 22), (2, 25), (4, 27), (2, 21), (2, 24)}
Round 72 Bids: R : 0, B : 1 - BLUE starts
Found:  2 20
Path Tuple:  (0, 2, 20, [(2, 20)])
Focus:  (2, 20)
Before: {(2, 27), (3, 27), (2, 23), (2, 20), (2, 26), (2, 22), (2, 25), (4, 27), (2, 21), (2, 24)}
After: {(2, 27), (3, 27), (2, 23), (2, 20), (2, 26), (2, 22), (2, 25), (4, 27), (2, 21), (2, 24)}
Round 73 Bids: R : 0, B : 1 - BLUE starts
Found:  2 20
Path Tuple:  (0, 2, 20, [(2, 20)])
Focus:  (2, 20)
Before: {(2, 27), (3, 27), (2, 23), (2, 20), (2, 26), (2, 22), (2, 25), (4, 27), (2, 21), (2, 24)}
After: {(2, 27), (3, 27), (2, 23), (2, 20), (2, 26), (2, 22), (2, 25), (4, 27), (2, 21), (2, 24)}
Round 74 Bids: R : 0, B : 1 - BLUE starts
Found:  2 20
Path Tuple:  (0, 2, 20, [(2, 20)])
Focus:  (2, 20)
Before: {(2, 27), (3, 27), (2, 23), (2, 20), (2, 26), (2, 22), (2, 25), (4, 27), (2, 21), (2, 24)}
After: {(2, 27), (3, 27), (2, 23), (2, 20), (2, 26), (2, 22), (2, 25), (4, 27), (2, 21), (2, 24)}
Round 75 Bids: R : 0, B : 2 - BLUE starts
Found:  2 20
Path Tuple:  (0, 2, 20, [(2, 20)])
Focus:  (2, 20)
Before: {(2, 27), (3, 27), (2, 23), (2, 20), (2, 26), (2, 22), (2, 25), (4, 27), (2, 21), (2, 24)}
After: {(2, 27), (3, 27), (2, 23), (2, 20), (2, 26), (2, 22), (2, 25), (4, 27), (2, 21), (2, 24)}
Round 76 Bids: R : 0, B : 1 - BLUE starts
Found:  2 20
Path Tuple:  (0, 2, 20, [(2, 20)])
Focus:  (2, 20)
Before: {(2, 27), (3, 27), (2, 23), (2, 20), (2, 26), (2, 22), (2, 25), (4, 27), (2, 21), (2, 24)}
After: {(2, 27), (3, 27), (2, 23), (2, 20), (2, 26), (2, 22), (2, 25), (4, 27), (2, 21), (2, 24)}
Round 77 Bids: R : 0, B : 1 - BLUE starts
Found:  2 20
Path Tuple:  (0, 2, 20, [(2, 20)])
Focus:  (2, 20)
Before: {(2, 27), (3, 27), (2, 23), (2, 20), (2, 26), (2, 22), (2, 25), (4, 27), (2, 21), (2, 24)}
After: {(2, 27), (3, 27), (2, 23), (2, 20), (2, 26), (2, 22), (2, 25), (4, 27), (2, 21), (2, 24)}
Round 78 Bids: R : 0, B : 2 - BLUE starts
Found:  2 20
Path Tuple:  (0, 2, 20, [(2, 20)])
Focus:  (2, 20)
Before: {(2, 27), (3, 27), (2, 23), (2, 20), (2, 26), (2, 22), (2, 25), (4, 27), (2, 21), (2, 24)}
After: {(2, 27), (3, 27), (2, 23), (2, 20), (2, 26), (2, 22), (2, 25), (4, 27), (2, 21), (2, 24)}
Round 79 Bids: R : 0, B : 2 - BLUE starts
Found:  2 20
Path Tuple:  (0, 2, 20, [(2, 20)])
Focus:  (2, 20)
Before: {(2, 27), (3, 27), (2, 23), (2, 20), (2, 26), (2, 22), (2, 25), (4, 27), (2, 21), (2, 24)}
After: {(2, 27), (3, 27), (2, 23), (2, 20), (2, 26), (2, 22), (2, 25), (4, 27), (2, 21), (2, 24)}
Round 80 Bids: R : 0, B : 1 - BLUE starts
Found:  2 20
Path Tuple:  (0, 2, 20, [(2, 20)])
Focus:  (2, 20)
Before: {(2, 27), (3, 27), (2, 23), (2, 20), (2, 26), (2, 22), (2, 25), (4, 27), (2, 21), (2, 24)}
After: {(2, 27), (3, 27), (2, 23), (2, 20), (2, 26), (2, 22), (2, 25), (4, 27), (2, 21), (2, 24)}
Round 81 Bids: R : 0, B : 1 - BLUE starts
Found:  2 20
Path Tuple:  (0, 2, 20, [(2, 20)])
Focus:  (2, 20)
Before: {(2, 27), (3, 27), (2, 23), (2, 20), (2, 26), (2, 22), (2, 25), (4, 27), (2, 21), (2, 24)}
After: {(2, 27), (3, 27), (2, 23), (2, 20), (2, 26), (2, 22), (2, 25), (4, 27), (2, 21), (2, 24)}
Round 82 Bids: R : 0, B : 1 - BLUE starts
Found:  2 20
Path Tuple:  (0, 2, 20, [(2, 20)])
Focus:  (2, 20)
Before: {(2, 27), (3, 27), (2, 23), (2, 20), (2, 26), (2, 22), (2, 25), (4, 27), (2, 21), (2, 24)}
After: {(2, 27), (3, 27), (2, 23), (2, 20), (2, 26), (2, 22), (2, 25), (4, 27), (2, 21), (2, 24)}
Round 83 Bids: R : 0, B : 1 - BLUE starts
Found:  2 20
Path Tuple:  (0, 2, 20, [(2, 20)])
Focus:  (2, 20)
Before: {(2, 27), (3, 27), (2, 23), (2, 20), (2, 26), (2, 22), (2, 25), (4, 27), (2, 21), (2, 24)}
After: {(2, 27), (3, 27), (2, 23), (2, 20), (2, 26), (2, 22), (2, 25), (4, 27), (2, 21), (2, 24)}
Round 84 Bids: R : 0, B : 1 - BLUE starts
Found:  2 20
Path Tuple:  (0, 2, 20, [(2, 20)])
Focus:  (2, 20)
Before: {(2, 27), (3, 27), (2, 23), (2, 20), (2, 26), (2, 22), (2, 25), (4, 27), (2, 21), (2, 24)}
After: {(2, 27), (3, 27), (2, 23), (2, 20), (2, 26), (2, 22), (2, 25), (4, 27), (2, 21), (2, 24)}
Round 85 Bids: R : 0, B : 1 - BLUE starts
Found:  2 20
Path Tuple:  (0, 2, 20, [(2, 20)])
Focus:  (2, 20)
Before: {(2, 27), (3, 27), (2, 23), (2, 20), (2, 26), (2, 22), (2, 25), (4, 27), (2, 21), (2, 24)}
After: {(2, 27), (3, 27), (2, 23), (2, 20), (2, 26), (2, 22), (2, 25), (4, 27), (2, 21), (2, 24)}
Round 86 Bids: R : 0, B : 1 - BLUE starts
Found:  2 20
Path Tuple:  (0, 2, 20, [(2, 20)])
Focus:  (2, 20)
Before: {(2, 27), (3, 27), (2, 23), (2, 20), (2, 26), (2, 22), (2, 25), (4, 27), (2, 21), (2, 24)}
After: {(2, 27), (3, 27), (2, 23), (2, 20), (2, 26), (2, 22), (2, 25), (4, 27), (2, 21), (2, 24)}
Round 87 Bids: R : 0, B : 1 - BLUE starts
Found:  2 20
Path Tuple:  (0, 2, 20, [(2, 20)])
Focus:  (2, 20)
Before: {(2, 27), (3, 27), (2, 23), (2, 20), (2, 26), (2, 22), (2, 25), (4, 27), (2, 21), (2, 24)}
After: {(2, 27), (3, 27), (2, 23), (2, 20), (2, 26), (2, 22), (2, 25), (4, 27), (2, 21), (2, 24)}
Round 88 Bids: R : 0, B : 1 - BLUE starts
Found:  2 20
Path Tuple:  (0, 2, 20, [(2, 20)])
Focus:  (2, 20)
Before: {(2, 27), (3, 27), (2, 23), (2, 20), (2, 26), (2, 22), (2, 25), (4, 27), (2, 21), (2, 24)}
After: {(2, 27), (3, 27), (2, 23), (2, 20), (2, 26), (2, 22), (2, 25), (4, 27), (2, 21), (2, 24)}
Round 89 Bids: R : 0, B : 2 - BLUE starts
Found:  2 20
Path Tuple:  (0, 2, 20, [(2, 20)])
Focus:  (2, 20)
Before: {(2, 27), (3, 27), (2, 23), (2, 20), (2, 26), (2, 22), (2, 25), (4, 27), (2, 21), (2, 24)}
After: {(2, 27), (3, 27), (2, 23), (2, 20), (2, 26), (2, 22), (2, 25), (4, 27), (2, 21), (2, 24)}
Round 90 Bids: R : 0, B : 1 - BLUE starts
Found:  2 20
Path Tuple:  (0, 2, 20, [(2, 20)])
Focus:  (2, 20)
Before: {(2, 27), (3, 27), (2, 23), (2, 20), (2, 26), (2, 22), (2, 25), (4, 27), (2, 21), (2, 24)}
After: {(2, 27), (3, 27), (2, 23), (2, 20), (2, 26), (2, 22), (2, 25), (4, 27), (2, 21), (2, 24)}
Round 91 Bids: R : 0, B : 1 - BLUE starts
Found:  2 20
Path Tuple:  (0, 2, 20, [(2, 20)])
Focus:  (2, 20)
Before: {(2, 27), (3, 27), (2, 23), (2, 20), (2, 26), (2, 22), (2, 25), (4, 27), (2, 21), (2, 24)}
After: {(2, 27), (3, 27), (2, 23), (2, 20), (2, 26), (2, 22), (2, 25), (4, 27), (2, 21), (2, 24)}
Round 92 Bids: R : 0, B : 2 - BLUE starts
Found:  2 20
Path Tuple:  (0, 2, 20, [(2, 20)])
Focus:  (2, 20)
Before: {(2, 27), (3, 27), (2, 23), (2, 20), (2, 26), (2, 22), (2, 25), (4, 27), (2, 21), (2, 24)}
After: {(2, 27), (3, 27), (2, 23), (2, 20), (2, 26), (2, 22), (2, 25), (4, 27), (2, 21), (2, 24)}
Round 93 Bids: R : 0, B : 1 - BLUE starts
Found:  2 20
Path Tuple:  (0, 2, 20, [(2, 20)])
Focus:  (2, 20)
Before: {(2, 27), (3, 27), (2, 23), (2, 20), (2, 26), (2, 22), (2, 25), (4, 27), (2, 21), (2, 24)}
After: {(2, 27), (3, 27), (2, 23), (2, 20), (2, 26), (2, 22), (2, 25), (4, 27), (2, 21), (2, 24)}
Round 94 Bids: R : 0, B : 2 - BLUE starts
Found:  2 20
Path Tuple:  (0, 2, 20, [(2, 20)])
Focus:  (2, 20)
Before: {(2, 27), (3, 27), (2, 23), (2, 20), (2, 26), (2, 22), (2, 25), (4, 27), (2, 21), (2, 24)}
After: {(2, 27), (3, 27), (2, 23), (2, 20), (2, 26), (2, 22), (2, 25), (4, 27), (2, 21), (2, 24)}
Round 95 Bids: R : 0, B : 2 - BLUE starts
Found:  2 20
Path Tuple:  (0, 2, 20, [(2, 20)])
Focus:  (2, 20)
Before: {(2, 27), (3, 27), (2, 23), (2, 20), (2, 26), (2, 22), (2, 25), (4, 27), (2, 21), (2, 24)}
After: {(2, 27), (3, 27), (2, 23), (2, 20), (2, 26), (2, 22), (2, 25), (4, 27), (2, 21), (2, 24)}
Round 96 Bids: R : 0, B : 1 - BLUE starts
Found:  2 20
Path Tuple:  (0, 2, 20, [(2, 20)])
Focus:  (2, 20)
Before: {(2, 27), (3, 27), (2, 23), (2, 20), (2, 26), (2, 22), (2, 25), (4, 27), (2, 21), (2, 24)}
After: {(2, 27), (3, 27), (2, 23), (2, 20), (2, 26), (2, 22), (2, 25), (4, 27), (2, 21), (2, 24)}
Round 97 Bids: R : 0, B : 2 - BLUE starts
Found:  2 20
Path Tuple:  (0, 2, 20, [(2, 20)])
Focus:  (2, 20)
Before: {(2, 27), (3, 27), (2, 23), (2, 20), (2, 26), (2, 22), (2, 25), (4, 27), (2, 21), (2, 24)}
After: {(2, 27), (3, 27), (2, 23), (2, 20), (2, 26), (2, 22), (2, 25), (4, 27), (2, 21), (2, 24)}
Round 98 Bids: R : 0, B : 1 - BLUE starts
Found:  2 20
Path Tuple:  (0, 2, 20, [(2, 20)])
Focus:  (2, 20)
Before: {(2, 27), (3, 27), (2, 23), (2, 20), (2, 26), (2, 22), (2, 25), (4, 27), (2, 21), (2, 24)}
After: {(2, 27), (3, 27), (2, 23), (2, 20), (2, 26), (2, 22), (2, 25), (4, 27), (2, 21), (2, 24)}
Round 99 Bids: R : 0, B : 2 - BLUE starts
Found:  2 20
Path Tuple:  (0, 2, 20, [(2, 20)])
Focus:  (2, 20)
Before: {(2, 27), (3, 27), (2, 23), (2, 20), (2, 26), (2, 22), (2, 25), (4, 27), (2, 21), (2, 24)}
After: {(2, 27), (3, 27), (2, 23), (2, 20), (2, 26), (2, 22), (2, 25), (4, 27), (2, 21), (2, 24)}
Round 100 Bids: R : 0, B : 1 - BLUE starts
Found:  2 20
Path Tuple:  (0, 2, 20, [(2, 20)])
Focus:  (2, 20)
Before: {(2, 27), (3, 27), (2, 23), (2, 20), (2, 26), (2, 22), (2, 25), (4, 27), (2, 21), (2, 24)}
After: {(2, 27), (3, 27), (2, 23), (2, 20), (2, 26), (2, 22), (2, 25), (4, 27), (2, 21), (2, 24)}
Round 101 Bids: R : 0, B : 1 - BLUE starts
Found:  2 20
Path Tuple:  (0, 2, 20, [(2, 20)])
Focus:  (2, 20)
Before: {(2, 27), (3, 27), (2, 23), (2, 20), (2, 26), (2, 22), (2, 25), (4, 27), (2, 21), (2, 24)}
After: {(2, 27), (3, 27), (2, 23), (2, 20), (2, 26), (2, 22), (2, 25), (4, 27), (2, 21), (2, 24)}
Round 102 Bids: R : 0, B : 2 - BLUE starts
Found:  2 20
Path Tuple:  (0, 2, 20, [(2, 20)])
Focus:  (2, 20)
Before: {(2, 27), (3, 27), (2, 23), (2, 20), (2, 26), (2, 22), (2, 25), (4, 27), (2, 21), (2, 24)}
After: {(2, 27), (3, 27), (2, 23), (2, 20), (2, 26), (2, 22), (2, 25), (4, 27), (2, 21), (2, 24)}
Round 103 Bids: R : 0, B : 1 - BLUE starts
Found:  2 20
Path Tuple:  (0, 2, 20, [(2, 20)])
Focus:  (2, 20)
Before: {(2, 27), (3, 27), (2, 23), (2, 20), (2, 26), (2, 22), (2, 25), (4, 27), (2, 21), (2, 24)}
After: {(2, 27), (3, 27), (2, 23), (2, 20), (2, 26), (2, 22), (2, 25), (4, 27), (2, 21), (2, 24)}
Round 104 Bids: R : 0, B : 2 - BLUE starts
Found:  2 20
Path Tuple:  (0, 2, 20, [(2, 20)])
Focus:  (2, 20)
Before: {(2, 27), (3, 27), (2, 23), (2, 20), (2, 26), (2, 22), (2, 25), (4, 27), (2, 21), (2, 24)}
After: {(2, 27), (3, 27), (2, 23), (2, 20), (2, 26), (2, 22), (2, 25), (4, 27), (2, 21), (2, 24)}
Round 105 Bids: R : 0, B : 1 - BLUE starts
Found:  2 20
Path Tuple:  (0, 2, 20, [(2, 20)])
Focus:  (2, 20)
Before: {(2, 27), (3, 27), (2, 23), (2, 20), (2, 26), (2, 22), (2, 25), (4, 27), (2, 21), (2, 24)}
After: {(2, 27), (3, 27), (2, 23), (2, 20), (2, 26), (2, 22), (2, 25), (4, 27), (2, 21), (2, 24)}
Round 106 Bids: R : 0, B : 2 - BLUE starts
Found:  2 20
Path Tuple:  (0, 2, 20, [(2, 20)])
Focus:  (2, 20)
Before: {(2, 27), (3, 27), (2, 23), (2, 20), (2, 26), (2, 22), (2, 25), (4, 27), (2, 21), (2, 24)}
After: {(2, 27), (3, 27), (2, 23), (2, 20), (2, 26), (2, 22), (2, 25), (4, 27), (2, 21), (2, 24)}
Round 107 Bids: R : 0, B : 1 - BLUE starts
Found:  2 20
Path Tuple:  (0, 2, 20, [(2, 20)])
Focus:  (2, 20)
Before: {(2, 27), (3, 27), (2, 23), (2, 20), (2, 26), (2, 22), (2, 25), (4, 27), (2, 21), (2, 24)}
After: {(2, 27), (3, 27), (2, 23), (2, 20), (2, 26), (2, 22), (2, 25), (4, 27), (2, 21), (2, 24)}
Round 108 Bids: R : 0, B : 1 - BLUE starts
Found:  2 20
Path Tuple:  (0, 2, 20, [(2, 20)])
Focus:  (2, 20)
Before: {(2, 27), (3, 27), (2, 23), (2, 20), (2, 26), (2, 22), (2, 25), (4, 27), (2, 21), (2, 24)}
After: {(2, 27), (3, 27), (2, 23), (2, 20), (2, 26), (2, 22), (2, 25), (4, 27), (2, 21), (2, 24)}
Round 109 Bids: R : 0, B : 2 - BLUE starts
Found:  2 20
Path Tuple:  (0, 2, 20, [(2, 20)])
Focus:  (2, 20)
Before: {(2, 27), (3, 27), (2, 23), (2, 20), (2, 26), (2, 22), (2, 25), (4, 27), (2, 21), (2, 24)}
After: {(2, 27), (3, 27), (2, 23), (2, 20), (2, 26), (2, 22), (2, 25), (4, 27), (2, 21), (2, 24)}
Round 110 Bids: R : 0, B : 2 - BLUE starts
Found:  2 20
Path Tuple:  (0, 2, 20, [(2, 20)])
Focus:  (2, 20)
Before: {(2, 27), (3, 27), (2, 23), (2, 20), (2, 26), (2, 22), (2, 25), (4, 27), (2, 21), (2, 24)}
After: {(2, 27), (3, 27), (2, 23), (2, 20), (2, 26), (2, 22), (2, 25), (4, 27), (2, 21), (2, 24)}
Round 111 Bids: R : 0, B : 2 - BLUE starts
Found:  2 20
Path Tuple:  (0, 2, 20, [(2, 20)])
Focus:  (2, 20)
Before: {(2, 27), (3, 27), (2, 23), (2, 20), (2, 26), (2, 22), (2, 25), (4, 27), (2, 21), (2, 24)}
After: {(2, 27), (3, 27), (2, 23), (2, 20), (2, 26), (2, 22), (2, 25), (4, 27), (2, 21), (2, 24)}
Round 112 Bids: R : 0, B : 1 - BLUE starts
Found:  2 20
Path Tuple:  (0, 2, 20, [(2, 20)])
Focus:  (2, 20)
Before: {(2, 27), (3, 27), (2, 23), (2, 20), (2, 26), (2, 22), (2, 25), (4, 27), (2, 21), (2, 24)}
After: {(2, 27), (3, 27), (2, 23), (2, 20), (2, 26), (2, 22), (2, 25), (4, 27), (2, 21), (2, 24)}
Round 113 Bids: R : 0, B : 1 - BLUE starts
Found:  2 20
Path Tuple:  (0, 2, 20, [(2, 20)])
Focus:  (2, 20)
Before: {(2, 27), (3, 27), (2, 23), (2, 20), (2, 26), (2, 22), (2, 25), (4, 27), (2, 21), (2, 24)}
After: {(2, 27), (3, 27), (2, 23), (2, 20), (2, 26), (2, 22), (2, 25), (4, 27), (2, 21), (2, 24)}
Round 114 Bids: R : 0, B : 2 - BLUE starts
Found:  2 20
Path Tuple:  (0, 2, 20, [(2, 20)])
Focus:  (2, 20)
Before: {(2, 27), (3, 27), (2, 23), (2, 20), (2, 26), (2, 22), (2, 25), (4, 27), (2, 21), (2, 24)}
After: {(2, 27), (3, 27), (2, 23), (2, 20), (2, 26), (2, 22), (2, 25), (4, 27), (2, 21), (2, 24)}
Round 115 Bids: R : 0, B : 2 - BLUE starts
Found:  2 20
Path Tuple:  (0, 2, 20, [(2, 20)])
Focus:  (2, 20)
Before: {(2, 27), (3, 27), (2, 23), (2, 20), (2, 26), (2, 22), (2, 25), (4, 27), (2, 21), (2, 24)}
After: {(2, 27), (3, 27), (2, 23), (2, 20), (2, 26), (2, 22), (2, 25), (4, 27), (2, 21), (2, 24)}
Round 116 Bids: R : 0, B : 2 - BLUE starts
Found:  2 20
Path Tuple:  (0, 2, 20, [(2, 20)])
Focus:  (2, 20)
Before: {(2, 27), (3, 27), (2, 23), (2, 20), (2, 26), (2, 22), (2, 25), (4, 27), (2, 21), (2, 24)}
After: {(2, 27), (3, 27), (2, 23), (2, 20), (2, 26), (2, 22), (2, 25), (4, 27), (2, 21), (2, 24)}
Round 117 Bids: R : 0, B : 2 - BLUE starts
Found:  2 20
Path Tuple:  (0, 2, 20, [(2, 20)])
Focus:  (2, 20)
Before: {(2, 27), (3, 27), (2, 23), (2, 20), (2, 26), (2, 22), (2, 25), (4, 27), (2, 21), (2, 24)}
After: {(2, 27), (3, 27), (2, 23), (2, 20), (2, 26), (2, 22), (2, 25), (4, 27), (2, 21), (2, 24)}
Round 118 Bids: R : 0, B : 1 - BLUE starts
Found:  2 20
Path Tuple:  (0, 2, 20, [(2, 20)])
Focus:  (2, 20)
Before: {(2, 27), (3, 27), (2, 23), (2, 20), (2, 26), (2, 22), (2, 25), (4, 27), (2, 21), (2, 24)}
After: {(2, 27), (3, 27), (2, 23), (2, 20), (2, 26), (2, 22), (2, 25), (4, 27), (2, 21), (2, 24)}
Round 119 Bids: R : 0, B : 1 - BLUE starts
Found:  2 20
Path Tuple:  (0, 2, 20, [(2, 20)])
Focus:  (2, 20)
Before: {(2, 27), (3, 27), (2, 23), (2, 20), (2, 26), (2, 22), (2, 25), (4, 27), (2, 21), (2, 24)}
After: {(2, 27), (3, 27), (2, 23), (2, 20), (2, 26), (2, 22), (2, 25), (4, 27), (2, 21), (2, 24)}
Round 120 Bids: R : 0, B : 2 - BLUE starts
Found:  2 20
Path Tuple:  (0, 2, 20, [(2, 20)])
Focus:  (2, 20)
Before: {(2, 27), (3, 27), (2, 23), (2, 20), (2, 26), (2, 22), (2, 25), (4, 27), (2, 21), (2, 24)}
After: {(2, 27), (3, 27), (2, 23), (2, 20), (2, 26), (2, 22), (2, 25), (4, 27), (2, 21), (2, 24)}
Round 121 Bids: R : 0, B : 1 - BLUE starts
Found:  2 20
Path Tuple:  (0, 2, 20, [(2, 20)])
Focus:  (2, 20)
Before: {(2, 27), (3, 27), (2, 23), (2, 20), (2, 26), (2, 22), (2, 25), (4, 27), (2, 21), (2, 24)}
After: {(2, 27), (3, 27), (2, 23), (2, 20), (2, 26), (2, 22), (2, 25), (4, 27), (2, 21), (2, 24)}
Round 122 Bids: R : 0, B : 2 - BLUE starts
Found:  2 20
Path Tuple:  (0, 2, 20, [(2, 20)])
Focus:  (2, 20)
Before: {(2, 27), (3, 27), (2, 23), (2, 20), (2, 26), (2, 22), (2, 25), (4, 27), (2, 21), (2, 24)}
After: {(2, 27), (3, 27), (2, 23), (2, 20), (2, 26), (2, 22), (2, 25), (4, 27), (2, 21), (2, 24)}
Round 123 Bids: R : 0, B : 1 - BLUE starts
Found:  2 20
Path Tuple:  (0, 2, 20, [(2, 20)])
Focus:  (2, 20)
Before: {(2, 27), (3, 27), (2, 23), (2, 20), (2, 26), (2, 22), (2, 25), (4, 27), (2, 21), (2, 24)}
After: {(2, 27), (3, 27), (2, 23), (2, 20), (2, 26), (2, 22), (2, 25), (4, 27), (2, 21), (2, 24)}
Round 124 Bids: R : 0, B : 2 - BLUE starts
Found:  2 20
Path Tuple:  (0, 2, 20, [(2, 20)])
Focus:  (2, 20)
Before: {(2, 27), (3, 27), (2, 23), (2, 20), (2, 26), (2, 22), (2, 25), (4, 27), (2, 21), (2, 24)}
After: {(2, 27), (3, 27), (2, 23), (2, 20), (2, 26), (2, 22), (2, 25), (4, 27), (2, 21), (2, 24)}
Round 125 Bids: R : 0, B : 2 - BLUE starts
Found:  2 20
Path Tuple:  (0, 2, 20, [(2, 20)])
Focus:  (2, 20)
Before: {(2, 27), (3, 27), (2, 23), (2, 20), (2, 26), (2, 22), (2, 25), (4, 27), (2, 21), (2, 24)}
After: {(2, 27), (3, 27), (2, 23), (2, 20), (2, 26), (2, 22), (2, 25), (4, 27), (2, 21), (2, 24)}
Round 126 Bids: R : 0, B : 2 - BLUE starts
Found:  2 20
Path Tuple:  (0, 2, 20, [(2, 20)])
Focus:  (2, 20)
Before: {(2, 27), (3, 27), (2, 23), (2, 20), (2, 26), (2, 22), (2, 25), (4, 27), (2, 21), (2, 24)}
After: {(2, 27), (3, 27), (2, 23), (2, 20), (2, 26), (2, 22), (2, 25), (4, 27), (2, 21), (2, 24)}
Round 127 Bids: R : 0, B : 2 - BLUE starts
Found:  2 20
Path Tuple:  (0, 2, 20, [(2, 20)])
Focus:  (2, 20)
Before: {(2, 27), (3, 27), (2, 23), (2, 20), (2, 26), (2, 22), (2, 25), (4, 27), (2, 21), (2, 24)}
After: {(2, 27), (3, 27), (2, 23), (2, 20), (2, 26), (2, 22), (2, 25), (4, 27), (2, 21), (2, 24)}
Round 128 Bids: R : 0, B : 1 - BLUE starts
Found:  2 20
Path Tuple:  (0, 2, 20, [(2, 20)])
Focus:  (2, 20)
Before: {(2, 27), (3, 27), (2, 23), (2, 20), (2, 26), (2, 22), (2, 25), (4, 27), (2, 21), (2, 24)}
After: {(2, 27), (3, 27), (2, 23), (2, 20), (2, 26), (2, 22), (2, 25), (4, 27), (2, 21), (2, 24)}
Round 129 Bids: R : 0, B : 1 - BLUE starts
Found:  2 20
Path Tuple:  (0, 2, 20, [(2, 20)])
Focus:  (2, 20)
Before: {(2, 27), (3, 27), (2, 23), (2, 20), (2, 26), (2, 22), (2, 25), (4, 27), (2, 21), (2, 24)}
After: {(2, 27), (3, 27), (2, 23), (2, 20), (2, 26), (2, 22), (2, 25), (4, 27), (2, 21), (2, 24)}
Round 130 Bids: R : 0, B : 1 - BLUE starts
Found:  2 20
Path Tuple:  (0, 2, 20, [(2, 20)])
Focus:  (2, 20)
Before: {(2, 27), (3, 27), (2, 23), (2, 20), (2, 26), (2, 22), (2, 25), (4, 27), (2, 21), (2, 24)}
After: {(2, 27), (3, 27), (2, 23), (2, 20), (2, 26), (2, 22), (2, 25), (4, 27), (2, 21), (2, 24)}
Round 131 Bids: R : 0, B : 2 - BLUE starts
Found:  2 20
Path Tuple:  (0, 2, 20, [(2, 20)])
Focus:  (2, 20)
Before: {(2, 27), (3, 27), (2, 23), (2, 20), (2, 26), (2, 22), (2, 25), (4, 27), (2, 21), (2, 24)}
After: {(2, 27), (3, 27), (2, 23), (2, 20), (2, 26), (2, 22), (2, 25), (4, 27), (2, 21), (2, 24)}
Round 132 Bids: R : 0, B : 2 - BLUE starts
Found:  2 20
Path Tuple:  (0, 2, 20, [(2, 20)])
Focus:  (2, 20)
Before: {(2, 27), (3, 27), (2, 23), (2, 20), (2, 26), (2, 22), (2, 25), (4, 27), (2, 21), (2, 24)}
After: {(2, 27), (3, 27), (2, 23), (2, 20), (2, 26), (2, 22), (2, 25), (4, 27), (2, 21), (2, 24)}
Round 133 Bids: R : 0, B : 1 - BLUE starts
Found:  2 20
Path Tuple:  (0, 2, 20, [(2, 20)])
Focus:  (2, 20)
Before: {(2, 27), (3, 27), (2, 23), (2, 20), (2, 26), (2, 22), (2, 25), (4, 27), (2, 21), (2, 24)}
After: {(2, 27), (3, 27), (2, 23), (2, 20), (2, 26), (2, 22), (2, 25), (4, 27), (2, 21), (2, 24)}
Round 134 Bids: R : 0, B : 2 - BLUE starts
Found:  2 20
Path Tuple:  (0, 2, 20, [(2, 20)])
Focus:  (2, 20)
Before: {(2, 27), (3, 27), (2, 23), (2, 20), (2, 26), (2, 22), (2, 25), (4, 27), (2, 21), (2, 24)}
After: {(2, 27), (3, 27), (2, 23), (2, 20), (2, 26), (2, 22), (2, 25), (4, 27), (2, 21), (2, 24)}
Round 135 Bids: R : 0, B : 2 - BLUE starts
Found:  2 20
Path Tuple:  (0, 2, 20, [(2, 20)])
Focus:  (2, 20)
Before: {(2, 27), (3, 27), (2, 23), (2, 20), (2, 26), (2, 22), (2, 25), (4, 27), (2, 21), (2, 24)}
After: {(2, 27), (3, 27), (2, 23), (2, 20), (2, 26), (2, 22), (2, 25), (4, 27), (2, 21), (2, 24)}
Round 136 Bids: R : 0, B : 1 - BLUE starts
Found:  2 20
Path Tuple:  (0, 2, 20, [(2, 20)])
Focus:  (2, 20)
Before: {(2, 27), (3, 27), (2, 23), (2, 20), (2, 26), (2, 22), (2, 25), (4, 27), (2, 21), (2, 24)}
After: {(2, 27), (3, 27), (2, 23), (2, 20), (2, 26), (2, 22), (2, 25), (4, 27), (2, 21), (2, 24)}
Round 137 Bids: R : 0, B : 1 - BLUE starts
Found:  2 20
Path Tuple:  (0, 2, 20, [(2, 20)])
Focus:  (2, 20)
Before: {(2, 27), (3, 27), (2, 23), (2, 20), (2, 26), (2, 22), (2, 25), (4, 27), (2, 21), (2, 24)}
After: {(2, 27), (3, 27), (2, 23), (2, 20), (2, 26), (2, 22), (2, 25), (4, 27), (2, 21), (2, 24)}
Round 138 Bids: R : 0, B : 2 - BLUE starts
Found:  2 20
Path Tuple:  (0, 2, 20, [(2, 20)])
Focus:  (2, 20)
Before: {(2, 27), (3, 27), (2, 23), (2, 20), (2, 26), (2, 22), (2, 25), (4, 27), (2, 21), (2, 24)}
After: {(2, 27), (3, 27), (2, 23), (2, 20), (2, 26), (2, 22), (2, 25), (4, 27), (2, 21), (2, 24)}
Round 139 Bids: R : 0, B : 1 - BLUE starts
Found:  2 20
Path Tuple:  (0, 2, 20, [(2, 20)])
Focus:  (2, 20)
Before: {(2, 27), (3, 27), (2, 23), (2, 20), (2, 26), (2, 22), (2, 25), (4, 27), (2, 21), (2, 24)}
After: {(2, 27), (3, 27), (2, 23), (2, 20), (2, 26), (2, 22), (2, 25), (4, 27), (2, 21), (2, 24)}
Round 140 Bids: R : 0, B : 1 - BLUE starts
Found:  2 20
Path Tuple:  (0, 2, 20, [(2, 20)])
Focus:  (2, 20)
Before: {(2, 27), (3, 27), (2, 23), (2, 20), (2, 26), (2, 22), (2, 25), (4, 27), (2, 21), (2, 24)}
After: {(2, 27), (3, 27), (2, 23), (2, 20), (2, 26), (2, 22), (2, 25), (4, 27), (2, 21), (2, 24)}
Round 141 Bids: R : 0, B : 2 - BLUE starts
Found:  2 20
Path Tuple:  (0, 2, 20, [(2, 20)])
Focus:  (2, 20)
Before: {(2, 27), (3, 27), (2, 23), (2, 20), (2, 26), (2, 22), (2, 25), (4, 27), (2, 21), (2, 24)}
After: {(2, 27), (3, 27), (2, 23), (2, 20), (2, 26), (2, 22), (2, 25), (4, 27), (2, 21), (2, 24)}
Round 142 Bids: R : 0, B : 2 - BLUE starts
Found:  2 20
Path Tuple:  (0, 2, 20, [(2, 20)])
Focus:  (2, 20)
Before: {(2, 27), (3, 27), (2, 23), (2, 20), (2, 26), (2, 22), (2, 25), (4, 27), (2, 21), (2, 24)}
After: {(2, 27), (3, 27), (2, 23), (2, 20), (2, 26), (2, 22), (2, 25), (4, 27), (2, 21), (2, 24)}
Round 143 Bids: R : 0, B : 2 - BLUE starts
Found:  2 20
Path Tuple:  (0, 2, 20, [(2, 20)])
Focus:  (2, 20)
Before: {(2, 27), (3, 27), (2, 23), (2, 20), (2, 26), (2, 22), (2, 25), (4, 27), (2, 21), (2, 24)}
After: {(2, 27), (3, 27), (2, 23), (2, 20), (2, 26), (2, 22), (2, 25), (4, 27), (2, 21), (2, 24)}
Round 144 Bids: R : 0, B : 1 - BLUE starts
Found:  2 20
Path Tuple:  (0, 2, 20, [(2, 20)])
Focus:  (2, 20)
Before: {(2, 27), (3, 27), (2, 23), (2, 20), (2, 26), (2, 22), (2, 25), (4, 27), (2, 21), (2, 24)}
After: {(2, 27), (3, 27), (2, 23), (2, 20), (2, 26), (2, 22), (2, 25), (4, 27), (2, 21), (2, 24)}
Round 145 Bids: R : 0, B : 2 - BLUE starts
Found:  2 20
Path Tuple:  (0, 2, 20, [(2, 20)])
Focus:  (2, 20)
Before: {(2, 27), (3, 27), (2, 23), (2, 20), (2, 26), (2, 22), (2, 25), (4, 27), (2, 21), (2, 24)}
After: {(2, 27), (3, 27), (2, 23), (2, 20), (2, 26), (2, 22), (2, 25), (4, 27), (2, 21), (2, 24)}
Round 146 Bids: R : 0, B : 1 - BLUE starts
Found:  2 20
Path Tuple:  (0, 2, 20, [(2, 20)])
Focus:  (2, 20)
Before: {(2, 27), (3, 27), (2, 23), (2, 20), (2, 26), (2, 22), (2, 25), (4, 27), (2, 21), (2, 24)}
After: {(2, 27), (3, 27), (2, 23), (2, 20), (2, 26), (2, 22), (2, 25), (4, 27), (2, 21), (2, 24)}
Round 147 Bids: R : 0, B : 2 - BLUE starts
Found:  2 20
Path Tuple:  (0, 2, 20, [(2, 20)])
Focus:  (2, 20)
Before: {(2, 27), (3, 27), (2, 23), (2, 20), (2, 26), (2, 22), (2, 25), (4, 27), (2, 21), (2, 24)}
After: {(2, 27), (3, 27), (2, 23), (2, 20), (2, 26), (2, 22), (2, 25), (4, 27), (2, 21), (2, 24)}
Round 148 Bids: R : 0, B : 1 - BLUE starts
Found:  2 20
Path Tuple:  (0, 2, 20, [(2, 20)])
Focus:  (2, 20)
Before: {(2, 27), (3, 27), (2, 23), (2, 20), (2, 26), (2, 22), (2, 25), (4, 27), (2, 21), (2, 24)}
After: {(2, 27), (3, 27), (2, 23), (2, 20), (2, 26), (2, 22), (2, 25), (4, 27), (2, 21), (2, 24)}
Round 149 Bids: R : 0, B : 1 - BLUE starts
Found:  2 20
Path Tuple:  (0, 2, 20, [(2, 20)])
Focus:  (2, 20)
Before: {(2, 27), (3, 27), (2, 23), (2, 20), (2, 26), (2, 22), (2, 25), (4, 27), (2, 21), (2, 24)}
After: {(2, 27), (3, 27), (2, 23), (2, 20), (2, 26), (2, 22), (2, 25), (4, 27), (2, 21), (2, 24)}
Round 150 Bids: R : 0, B : 1 - BLUE starts
Found:  2 20
Path Tuple:  (0, 2, 20, [(2, 20)])
Focus:  (2, 20)
Before: {(2, 27), (3, 27), (2, 23), (2, 20), (2, 26), (2, 22), (2, 25), (4, 27), (2, 21), (2, 24)}
After: {(2, 27), (3, 27), (2, 23), (2, 20), (2, 26), (2, 22), (2, 25), (4, 27), (2, 21), (2, 24)}
Round 151 Bids: R : 0, B : 2 - BLUE starts
Found:  2 20
Path Tuple:  (0, 2, 20, [(2, 20)])
Focus:  (2, 20)
Before: {(2, 27), (3, 27), (2, 23), (2, 20), (2, 26), (2, 22), (2, 25), (4, 27), (2, 21), (2, 24)}
After: {(2, 27), (3, 27), (2, 23), (2, 20), (2, 26), (2, 22), (2, 25), (4, 27), (2, 21), (2, 24)}
Round 152 Bids: R : 0, B : 2 - BLUE starts
Found:  2 20
Path Tuple:  (0, 2, 20, [(2, 20)])
Focus:  (2, 20)
Before: {(2, 27), (3, 27), (2, 23), (2, 20), (2, 26), (2, 22), (2, 25), (4, 27), (2, 21), (2, 24)}
After: {(2, 27), (3, 27), (2, 23), (2, 20), (2, 26), (2, 22), (2, 25), (4, 27), (2, 21), (2, 24)}
Round 153 Bids: R : 0, B : 2 - BLUE starts
Found:  2 20
Path Tuple:  (0, 2, 20, [(2, 20)])
Focus:  (2, 20)
Before: {(2, 27), (3, 27), (2, 23), (2, 20), (2, 26), (2, 22), (2, 25), (4, 27), (2, 21), (2, 24)}
After: {(2, 27), (3, 27), (2, 23), (2, 20), (2, 26), (2, 22), (2, 25), (4, 27), (2, 21), (2, 24)}
Round 154 Bids: R : 0, B : 1 - BLUE starts
Found:  2 20
Path Tuple:  (0, 2, 20, [(2, 20)])
Focus:  (2, 20)
Before: {(2, 27), (3, 27), (2, 23), (2, 20), (2, 26), (2, 22), (2, 25), (4, 27), (2, 21), (2, 24)}
After: {(2, 27), (3, 27), (2, 23), (2, 20), (2, 26), (2, 22), (2, 25), (4, 27), (2, 21), (2, 24)}
Round 155 Bids: R : 0, B : 2 - BLUE starts
Found:  2 20
Path Tuple:  (0, 2, 20, [(2, 20)])
Focus:  (2, 20)
Before: {(2, 27), (3, 27), (2, 23), (2, 20), (2, 26), (2, 22), (2, 25), (4, 27), (2, 21), (2, 24)}
After: {(2, 27), (3, 27), (2, 23), (2, 20), (2, 26), (2, 22), (2, 25), (4, 27), (2, 21), (2, 24)}
Round 156 Bids: R : 0, B : 1 - BLUE starts
Found:  2 20
Path Tuple:  (0, 2, 20, [(2, 20)])
Focus:  (2, 20)
Before: {(2, 27), (3, 27), (2, 23), (2, 20), (2, 26), (2, 22), (2, 25), (4, 27), (2, 21), (2, 24)}
After: {(2, 27), (3, 27), (2, 23), (2, 20), (2, 26), (2, 22), (2, 25), (4, 27), (2, 21), (2, 24)}
Round 157 Bids: R : 0, B : 2 - BLUE starts
Found:  2 20
Path Tuple:  (0, 2, 20, [(2, 20)])
Focus:  (2, 20)
Before: {(2, 27), (3, 27), (2, 23), (2, 20), (2, 26), (2, 22), (2, 25), (4, 27), (2, 21), (2, 24)}
After: {(2, 27), (3, 27), (2, 23), (2, 20), (2, 26), (2, 22), (2, 25), (4, 27), (2, 21), (2, 24)}
Round 158 Bids: R : 0, B : 1 - BLUE starts
Found:  2 20
Path Tuple:  (0, 2, 20, [(2, 20)])
Focus:  (2, 20)
Before: {(2, 27), (3, 27), (2, 23), (2, 20), (2, 26), (2, 22), (2, 25), (4, 27), (2, 21), (2, 24)}
After: {(2, 27), (3, 27), (2, 23), (2, 20), (2, 26), (2, 22), (2, 25), (4, 27), (2, 21), (2, 24)}
Round 159 Bids: R : 0, B : 1 - BLUE starts
Found:  2 20
Path Tuple:  (0, 2, 20, [(2, 20)])
Focus:  (2, 20)
Before: {(2, 27), (3, 27), (2, 23), (2, 20), (2, 26), (2, 22), (2, 25), (4, 27), (2, 21), (2, 24)}
After: {(2, 27), (3, 27), (2, 23), (2, 20), (2, 26), (2, 22), (2, 25), (4, 27), (2, 21), (2, 24)}
Round 160 Bids: R : 0, B : 2 - BLUE starts
Found:  2 20
Path Tuple:  (0, 2, 20, [(2, 20)])
Focus:  (2, 20)
Before: {(2, 27), (3, 27), (2, 23), (2, 20), (2, 26), (2, 22), (2, 25), (4, 27), (2, 21), (2, 24)}
After: {(2, 27), (3, 27), (2, 23), (2, 20), (2, 26), (2, 22), (2, 25), (4, 27), (2, 21), (2, 24)}
Round 161 Bids: R : 0, B : 1 - BLUE starts
Found:  2 20
Path Tuple:  (0, 2, 20, [(2, 20)])
Focus:  (2, 20)
Before: {(2, 27), (3, 27), (2, 23), (2, 20), (2, 26), (2, 22), (2, 25), (4, 27), (2, 21), (2, 24)}
After: {(2, 27), (3, 27), (2, 23), (2, 20), (2, 26), (2, 22), (2, 25), (4, 27), (2, 21), (2, 24)}
Round 162 Bids: R : 0, B : 1 - BLUE starts
Found:  2 20
Path Tuple:  (0, 2, 20, [(2, 20)])
Focus:  (2, 20)
Before: {(2, 27), (3, 27), (2, 23), (2, 20), (2, 26), (2, 22), (2, 25), (4, 27), (2, 21), (2, 24)}
After: {(2, 27), (3, 27), (2, 23), (2, 20), (2, 26), (2, 22), (2, 25), (4, 27), (2, 21), (2, 24)}
Round 163 Bids: R : 0, B : 1 - BLUE starts
Found:  2 20
Path Tuple:  (0, 2, 20, [(2, 20)])
Focus:  (2, 20)
Before: {(2, 27), (3, 27), (2, 23), (2, 20), (2, 26), (2, 22), (2, 25), (4, 27), (2, 21), (2, 24)}
After: {(2, 27), (3, 27), (2, 23), (2, 20), (2, 26), (2, 22), (2, 25), (4, 27), (2, 21), (2, 24)}
Round 164 Bids: R : 0, B : 2 - BLUE starts
Found:  2 20
Path Tuple:  (0, 2, 20, [(2, 20)])
Focus:  (2, 20)
Before: {(2, 27), (3, 27), (2, 23), (2, 20), (2, 26), (2, 22), (2, 25), (4, 27), (2, 21), (2, 24)}
After: {(2, 27), (3, 27), (2, 23), (2, 20), (2, 26), (2, 22), (2, 25), (4, 27), (2, 21), (2, 24)}
Round 165 Bids: R : 0, B : 1 - BLUE starts
Found:  2 20
Path Tuple:  (0, 2, 20, [(2, 20)])
Focus:  (2, 20)
Before: {(2, 27), (3, 27), (2, 23), (2, 20), (2, 26), (2, 22), (2, 25), (4, 27), (2, 21), (2, 24)}
After: {(2, 27), (3, 27), (2, 23), (2, 20), (2, 26), (2, 22), (2, 25), (4, 27), (2, 21), (2, 24)}
Round 166 Bids: R : 0, B : 2 - BLUE starts
Found:  2 20
Path Tuple:  (0, 2, 20, [(2, 20)])
Focus:  (2, 20)
Before: {(2, 27), (3, 27), (2, 23), (2, 20), (2, 26), (2, 22), (2, 25), (4, 27), (2, 21), (2, 24)}
After: {(2, 27), (3, 27), (2, 23), (2, 20), (2, 26), (2, 22), (2, 25), (4, 27), (2, 21), (2, 24)}
Round 167 Bids: R : 0, B : 2 - BLUE starts
Found:  2 20
Path Tuple:  (0, 2, 20, [(2, 20)])
Focus:  (2, 20)
Before: {(2, 27), (3, 27), (2, 23), (2, 20), (2, 26), (2, 22), (2, 25), (4, 27), (2, 21), (2, 24)}
After: {(2, 27), (3, 27), (2, 23), (2, 20), (2, 26), (2, 22), (2, 25), (4, 27), (2, 21), (2, 24)}
Round 168 Bids: R : 0, B : 1 - BLUE starts
Found:  2 20
Path Tuple:  (0, 2, 20, [(2, 20)])
Focus:  (2, 20)
Before: {(2, 27), (3, 27), (2, 23), (2, 20), (2, 26), (2, 22), (2, 25), (4, 27), (2, 21), (2, 24)}
After: {(2, 27), (3, 27), (2, 23), (2, 20), (2, 26), (2, 22), (2, 25), (4, 27), (2, 21), (2, 24)}
Round 169 Bids: R : 0, B : 2 - BLUE starts
Found:  2 20
Path Tuple:  (0, 2, 20, [(2, 20)])
Focus:  (2, 20)
Before: {(2, 27), (3, 27), (2, 23), (2, 20), (2, 26), (2, 22), (2, 25), (4, 27), (2, 21), (2, 24)}
After: {(2, 27), (3, 27), (2, 23), (2, 20), (2, 26), (2, 22), (2, 25), (4, 27), (2, 21), (2, 24)}
Round 170 Bids: R : 0, B : 2 - BLUE starts
Found:  2 20
Path Tuple:  (0, 2, 20, [(2, 20)])
Focus:  (2, 20)
Before: {(2, 27), (3, 27), (2, 23), (2, 20), (2, 26), (2, 22), (2, 25), (4, 27), (2, 21), (2, 24)}
After: {(2, 27), (3, 27), (2, 23), (2, 20), (2, 26), (2, 22), (2, 25), (4, 27), (2, 21), (2, 24)}
Round 171 Bids: R : 0, B : 1 - BLUE starts
Found:  2 20
Path Tuple:  (0, 2, 20, [(2, 20)])
Focus:  (2, 20)
Before: {(2, 27), (3, 27), (2, 23), (2, 20), (2, 26), (2, 22), (2, 25), (4, 27), (2, 21), (2, 24)}
After: {(2, 27), (3, 27), (2, 23), (2, 20), (2, 26), (2, 22), (2, 25), (4, 27), (2, 21), (2, 24)}
Round 172 Bids: R : 0, B : 2 - BLUE starts
Found:  2 20
Path Tuple:  (0, 2, 20, [(2, 20)])
Focus:  (2, 20)
Before: {(2, 27), (3, 27), (2, 23), (2, 20), (2, 26), (2, 22), (2, 25), (4, 27), (2, 21), (2, 24)}
After: {(2, 27), (3, 27), (2, 23), (2, 20), (2, 26), (2, 22), (2, 25), (4, 27), (2, 21), (2, 24)}
Round 173 Bids: R : 0, B : 1 - BLUE starts
Found:  2 20
Path Tuple:  (0, 2, 20, [(2, 20)])
Focus:  (2, 20)
Before: {(2, 27), (3, 27), (2, 23), (2, 20), (2, 26), (2, 22), (2, 25), (4, 27), (2, 21), (2, 24)}
After: {(2, 27), (3, 27), (2, 23), (2, 20), (2, 26), (2, 22), (2, 25), (4, 27), (2, 21), (2, 24)}
Round 174 Bids: R : 0, B : 1 - BLUE starts
Found:  2 20
Path Tuple:  (0, 2, 20, [(2, 20)])
Focus:  (2, 20)
Before: {(2, 27), (3, 27), (2, 23), (2, 20), (2, 26), (2, 22), (2, 25), (4, 27), (2, 21), (2, 24)}
After: {(2, 27), (3, 27), (2, 23), (2, 20), (2, 26), (2, 22), (2, 25), (4, 27), (2, 21), (2, 24)}
Round 175 Bids: R : 0, B : 2 - BLUE starts
Found:  2 20
Path Tuple:  (0, 2, 20, [(2, 20)])
Focus:  (2, 20)
Before: {(2, 27), (3, 27), (2, 23), (2, 20), (2, 26), (2, 22), (2, 25), (4, 27), (2, 21), (2, 24)}
After: {(2, 27), (3, 27), (2, 23), (2, 20), (2, 26), (2, 22), (2, 25), (4, 27), (2, 21), (2, 24)}
Round 176 Bids: R : 0, B : 2 - BLUE starts
Found:  2 20
Path Tuple:  (0, 2, 20, [(2, 20)])
Focus:  (2, 20)
Before: {(2, 27), (3, 27), (2, 23), (2, 20), (2, 26), (2, 22), (2, 25), (4, 27), (2, 21), (2, 24)}
After: {(2, 27), (3, 27), (2, 23), (2, 20), (2, 26), (2, 22), (2, 25), (4, 27), (2, 21), (2, 24)}
Round 177 Bids: R : 0, B : 2 - BLUE starts
Found:  2 20
Path Tuple:  (0, 2, 20, [(2, 20)])
Focus:  (2, 20)
Before: {(2, 27), (3, 27), (2, 23), (2, 20), (2, 26), (2, 22), (2, 25), (4, 27), (2, 21), (2, 24)}
After: {(2, 27), (3, 27), (2, 23), (2, 20), (2, 26), (2, 22), (2, 25), (4, 27), (2, 21), (2, 24)}
Round 178 Bids: R : 0, B : 2 - BLUE starts
Found:  2 20
Path Tuple:  (0, 2, 20, [(2, 20)])
Focus:  (2, 20)
Before: {(2, 27), (3, 27), (2, 23), (2, 20), (2, 26), (2, 22), (2, 25), (4, 27), (2, 21), (2, 24)}
After: {(2, 27), (3, 27), (2, 23), (2, 20), (2, 26), (2, 22), (2, 25), (4, 27), (2, 21), (2, 24)}
Round 179 Bids: R : 0, B : 2 - BLUE starts
Found:  2 20
Path Tuple:  (0, 2, 20, [(2, 20)])
Focus:  (2, 20)
Before: {(2, 27), (3, 27), (2, 23), (2, 20), (2, 26), (2, 22), (2, 25), (4, 27), (2, 21), (2, 24)}
After: {(2, 27), (3, 27), (2, 23), (2, 20), (2, 26), (2, 22), (2, 25), (4, 27), (2, 21), (2, 24)}
Round 180 Bids: R : 0, B : 2 - BLUE starts
Found:  2 20
Path Tuple:  (0, 2, 20, [(2, 20)])
Focus:  (2, 20)
Before: {(2, 27), (3, 27), (2, 23), (2, 20), (2, 26), (2, 22), (2, 25), (4, 27), (2, 21), (2, 24)}
After: {(2, 27), (3, 27), (2, 23), (2, 20), (2, 26), (2, 22), (2, 25), (4, 27), (2, 21), (2, 24)}
Round 181 Bids: R : 0, B : 1 - BLUE starts
Found:  2 20
Path Tuple:  (0, 2, 20, [(2, 20)])
Focus:  (2, 20)
Before: {(2, 27), (3, 27), (2, 23), (2, 20), (2, 26), (2, 22), (2, 25), (4, 27), (2, 21), (2, 24)}
After: {(2, 27), (3, 27), (2, 23), (2, 20), (2, 26), (2, 22), (2, 25), (4, 27), (2, 21), (2, 24)}
Round 182 Bids: R : 0, B : 1 - BLUE starts
Found:  2 20
Path Tuple:  (0, 2, 20, [(2, 20)])
Focus:  (2, 20)
Before: {(2, 27), (3, 27), (2, 23), (2, 20), (2, 26), (2, 22), (2, 25), (4, 27), (2, 21), (2, 24)}
After: {(2, 27), (3, 27), (2, 23), (2, 20), (2, 26), (2, 22), (2, 25), (4, 27), (2, 21), (2, 24)}
Round 183 Bids: R : 0, B : 2 - BLUE starts
Found:  2 20
Path Tuple:  (0, 2, 20, [(2, 20)])
Focus:  (2, 20)
Before: {(2, 27), (3, 27), (2, 23), (2, 20), (2, 26), (2, 22), (2, 25), (4, 27), (2, 21), (2, 24)}
After: {(2, 27), (3, 27), (2, 23), (2, 20), (2, 26), (2, 22), (2, 25), (4, 27), (2, 21), (2, 24)}
Round 184 Bids: R : 0, B : 1 - BLUE starts
Found:  2 20
Path Tuple:  (0, 2, 20, [(2, 20)])
Focus:  (2, 20)
Before: {(2, 27), (3, 27), (2, 23), (2, 20), (2, 26), (2, 22), (2, 25), (4, 27), (2, 21), (2, 24)}
After: {(2, 27), (3, 27), (2, 23), (2, 20), (2, 26), (2, 22), (2, 25), (4, 27), (2, 21), (2, 24)}
Round 185 Bids: R : 0, B : 2 - BLUE starts
Found:  2 20
Path Tuple:  (0, 2, 20, [(2, 20)])
Focus:  (2, 20)
Before: {(2, 27), (3, 27), (2, 23), (2, 20), (2, 26), (2, 22), (2, 25), (4, 27), (2, 21), (2, 24)}
After: {(2, 27), (3, 27), (2, 23), (2, 20), (2, 26), (2, 22), (2, 25), (4, 27), (2, 21), (2, 24)}
Round 186 Bids: R : 0, B : 2 - BLUE starts
Found:  2 20
Path Tuple:  (0, 2, 20, [(2, 20)])
Focus:  (2, 20)
Before: {(2, 27), (3, 27), (2, 23), (2, 20), (2, 26), (2, 22), (2, 25), (4, 27), (2, 21), (2, 24)}
After: {(2, 27), (3, 27), (2, 23), (2, 20), (2, 26), (2, 22), (2, 25), (4, 27), (2, 21), (2, 24)}
Round 187 Bids: R : 0, B : 2 - BLUE starts
Found:  2 20
Path Tuple:  (0, 2, 20, [(2, 20)])
Focus:  (2, 20)
Before: {(2, 27), (3, 27), (2, 23), (2, 20), (2, 26), (2, 22), (2, 25), (4, 27), (2, 21), (2, 24)}
After: {(2, 27), (3, 27), (2, 23), (2, 20), (2, 26), (2, 22), (2, 25), (4, 27), (2, 21), (2, 24)}
Round 188 Bids: R : 0, B : 2 - BLUE starts
Found:  2 20
Path Tuple:  (0, 2, 20, [(2, 20)])
Focus:  (2, 20)
Before: {(2, 27), (3, 27), (2, 23), (2, 20), (2, 26), (2, 22), (2, 25), (4, 27), (2, 21), (2, 24)}
After: {(2, 27), (3, 27), (2, 23), (2, 20), (2, 26), (2, 22), (2, 25), (4, 27), (2, 21), (2, 24)}
Round 189 Bids: R : 0, B : 2 - BLUE starts
Found:  2 20
Path Tuple:  (0, 2, 20, [(2, 20)])
Focus:  (2, 20)
Before: {(2, 27), (3, 27), (2, 23), (2, 20), (2, 26), (2, 22), (2, 25), (4, 27), (2, 21), (2, 24)}
After: {(2, 27), (3, 27), (2, 23), (2, 20), (2, 26), (2, 22), (2, 25), (4, 27), (2, 21), (2, 24)}
Round 190 Bids: R : 0, B : 2 - BLUE starts
Found:  2 20
Path Tuple:  (0, 2, 20, [(2, 20)])
Focus:  (2, 20)
Before: {(2, 27), (3, 27), (2, 23), (2, 20), (2, 26), (2, 22), (2, 25), (4, 27), (2, 21), (2, 24)}
After: {(2, 27), (3, 27), (2, 23), (2, 20), (2, 26), (2, 22), (2, 25), (4, 27), (2, 21), (2, 24)}
Round 191 Bids: R : 0, B : 2 - BLUE starts
Found:  2 20
Path Tuple:  (0, 2, 20, [(2, 20)])
Focus:  (2, 20)
Before: {(2, 27), (3, 27), (2, 23), (2, 20), (2, 26), (2, 22), (2, 25), (4, 27), (2, 21), (2, 24)}
After: {(2, 27), (3, 27), (2, 23), (2, 20), (2, 26), (2, 22), (2, 25), (4, 27), (2, 21), (2, 24)}
Round 192 Bids: R : 0, B : 1 - BLUE starts
Found:  2 20
Path Tuple:  (0, 2, 20, [(2, 20)])
Focus:  (2, 20)
Before: {(2, 27), (3, 27), (2, 23), (2, 20), (2, 26), (2, 22), (2, 25), (4, 27), (2, 21), (2, 24)}
After: {(2, 27), (3, 27), (2, 23), (2, 20), (2, 26), (2, 22), (2, 25), (4, 27), (2, 21), (2, 24)}
Round 193 Bids: R : 0, B : 1 - BLUE starts
Found:  2 20
Path Tuple:  (0, 2, 20, [(2, 20)])
Focus:  (2, 20)
Before: {(2, 27), (3, 27), (2, 23), (2, 20), (2, 26), (2, 22), (2, 25), (4, 27), (2, 21), (2, 24)}
After: {(2, 27), (3, 27), (2, 23), (2, 20), (2, 26), (2, 22), (2, 25), (4, 27), (2, 21), (2, 24)}
Round 194 Bids: R : 0, B : 2 - BLUE starts
Found:  2 20
Path Tuple:  (0, 2, 20, [(2, 20)])
Focus:  (2, 20)
Before: {(2, 27), (3, 27), (2, 23), (2, 20), (2, 26), (2, 22), (2, 25), (4, 27), (2, 21), (2, 24)}
After: {(2, 27), (3, 27), (2, 23), (2, 20), (2, 26), (2, 22), (2, 25), (4, 27), (2, 21), (2, 24)}
Round 195 Bids: R : 0, B : 1 - BLUE starts
Found:  2 20
Path Tuple:  (0, 2, 20, [(2, 20)])
Focus:  (2, 20)
Before: {(2, 27), (3, 27), (2, 23), (2, 20), (2, 26), (2, 22), (2, 25), (4, 27), (2, 21), (2, 24)}
After: {(2, 27), (3, 27), (2, 23), (2, 20), (2, 26), (2, 22), (2, 25), (4, 27), (2, 21), (2, 24)}
Round 196 Bids: R : 0, B : 2 - BLUE starts
Found:  2 20
Path Tuple:  (0, 2, 20, [(2, 20)])
Focus:  (2, 20)
Before: {(2, 27), (3, 27), (2, 23), (2, 20), (2, 26), (2, 22), (2, 25), (4, 27), (2, 21), (2, 24)}
After: {(2, 27), (3, 27), (2, 23), (2, 20), (2, 26), (2, 22), (2, 25), (4, 27), (2, 21), (2, 24)}
Round 197 Bids: R : 0, B : 1 - BLUE starts
Found:  2 20
Path Tuple:  (0, 2, 20, [(2, 20)])
Focus:  (2, 20)
Before: {(2, 27), (3, 27), (2, 23), (2, 20), (2, 26), (2, 22), (2, 25), (4, 27), (2, 21), (2, 24)}
After: {(2, 27), (3, 27), (2, 23), (2, 20), (2, 26), (2, 22), (2, 25), (4, 27), (2, 21), (2, 24)}
Round 198 Bids: R : 0, B : 1 - BLUE starts
Found:  2 20
Path Tuple:  (0, 2, 20, [(2, 20)])
Focus:  (2, 20)
Before: {(2, 27), (3, 27), (2, 23), (2, 20), (2, 26), (2, 22), (2, 25), (4, 27), (2, 21), (2, 24)}
After: {(2, 27), (3, 27), (2, 23), (2, 20), (2, 26), (2, 22), (2, 25), (4, 27), (2, 21), (2, 24)}
Round 199 Bids: R : 0, B : 1 - BLUE starts
Found:  2 20
Path Tuple:  (0, 2, 20, [(2, 20)])
Focus:  (2, 20)
Before: {(2, 27), (3, 27), (2, 23), (2, 20), (2, 26), (2, 22), (2, 25), (4, 27), (2, 21), (2, 24)}
After: {(2, 27), (3, 27), (2, 23), (2, 20), (2, 26), (2, 22), (2, 25), (4, 27), (2, 21), (2, 24)}
Round 200 Bids: R : 0, B : 1 - BLUE starts
Found:  2 20
Path Tuple:  (0, 2, 20, [(2, 20)])
Focus:  (2, 20)
Before: {(2, 27), (3, 27), (2, 23), (2, 20), (2, 26), (2, 22), (2, 25), (4, 27), (2, 21), (2, 24)}
After: {(2, 27), (3, 27), (2, 23), (2, 20), (2, 26), (2, 22), (2, 25), (4, 27), (2, 21), (2, 24)}
Round 201 Bids: R : 0, B : 2 - BLUE starts
Found:  2 20
Path Tuple:  (0, 2, 20, [(2, 20)])
Focus:  (2, 20)
Before: {(2, 27), (3, 27), (2, 23), (2, 20), (2, 26), (2, 22), (2, 25), (4, 27), (2, 21), (2, 24)}
After: {(2, 27), (3, 27), (2, 23), (2, 20), (2, 26), (2, 22), (2, 25), (4, 27), (2, 21), (2, 24)}
Round 202 Bids: R : 0, B : 2 - BLUE starts
Found:  2 20
Path Tuple:  (0, 2, 20, [(2, 20)])
Focus:  (2, 20)
Before: {(2, 27), (3, 27), (2, 23), (2, 20), (2, 26), (2, 22), (2, 25), (4, 27), (2, 21), (2, 24)}
After: {(2, 27), (3, 27), (2, 23), (2, 20), (2, 26), (2, 22), (2, 25), (4, 27), (2, 21), (2, 24)}
Round 203 Bids: R : 0, B : 2 - BLUE starts
Found:  2 20
Path Tuple:  (0, 2, 20, [(2, 20)])
Focus:  (2, 20)
Before: {(2, 27), (3, 27), (2, 23), (2, 20), (2, 26), (2, 22), (2, 25), (4, 27), (2, 21), (2, 24)}
After: {(2, 27), (3, 27), (2, 23), (2, 20), (2, 26), (2, 22), (2, 25), (4, 27), (2, 21), (2, 24)}
Round 204 Bids: R : 0, B : 1 - BLUE starts
Found:  2 20
Path Tuple:  (0, 2, 20, [(2, 20)])
Focus:  (2, 20)
Before: {(2, 27), (3, 27), (2, 23), (2, 20), (2, 26), (2, 22), (2, 25), (4, 27), (2, 21), (2, 24)}
After: {(2, 27), (3, 27), (2, 23), (2, 20), (2, 26), (2, 22), (2, 25), (4, 27), (2, 21), (2, 24)}
Round 205 Bids: R : 0, B : 1 - BLUE starts
Found:  2 20
Path Tuple:  (0, 2, 20, [(2, 20)])
Focus:  (2, 20)
Before: {(2, 27), (3, 27), (2, 23), (2, 20), (2, 26), (2, 22), (2, 25), (4, 27), (2, 21), (2, 24)}
After: {(2, 27), (3, 27), (2, 23), (2, 20), (2, 26), (2, 22), (2, 25), (4, 27), (2, 21), (2, 24)}
Round 206 Bids: R : 0, B : 2 - BLUE starts
Found:  2 20
Path Tuple:  (0, 2, 20, [(2, 20)])
Focus:  (2, 20)
Before: {(2, 27), (3, 27), (2, 23), (2, 20), (2, 26), (2, 22), (2, 25), (4, 27), (2, 21), (2, 24)}
After: {(2, 27), (3, 27), (2, 23), (2, 20), (2, 26), (2, 22), (2, 25), (4, 27), (2, 21), (2, 24)}
Round 207 Bids: R : 0, B : 2 - BLUE starts
Found:  2 20
Path Tuple:  (0, 2, 20, [(2, 20)])
Focus:  (2, 20)
Before: {(2, 27), (3, 27), (2, 23), (2, 20), (2, 26), (2, 22), (2, 25), (4, 27), (2, 21), (2, 24)}
After: {(2, 27), (3, 27), (2, 23), (2, 20), (2, 26), (2, 22), (2, 25), (4, 27), (2, 21), (2, 24)}
Round 208 Bids: R : 0, B : 2 - BLUE starts
Found:  2 20
Path Tuple:  (0, 2, 20, [(2, 20)])
Focus:  (2, 20)
Before: {(2, 27), (3, 27), (2, 23), (2, 20), (2, 26), (2, 22), (2, 25), (4, 27), (2, 21), (2, 24)}
After: {(2, 27), (3, 27), (2, 23), (2, 20), (2, 26), (2, 22), (2, 25), (4, 27), (2, 21), (2, 24)}
Round 209 Bids: R : 0, B : 1 - BLUE starts
Found:  2 20
Path Tuple:  (0, 2, 20, [(2, 20)])
Focus:  (2, 20)
Before: {(2, 27), (3, 27), (2, 23), (2, 20), (2, 26), (2, 22), (2, 25), (4, 27), (2, 21), (2, 24)}
After: {(2, 27), (3, 27), (2, 23), (2, 20), (2, 26), (2, 22), (2, 25), (4, 27), (2, 21), (2, 24)}
Round 210 Bids: R : 0, B : 2 - BLUE starts
Found:  2 20
Path Tuple:  (0, 2, 20, [(2, 20)])
Focus:  (2, 20)
Before: {(2, 27), (3, 27), (2, 23), (2, 20), (2, 26), (2, 22), (2, 25), (4, 27), (2, 21), (2, 24)}
After: {(2, 27), (3, 27), (2, 23), (2, 20), (2, 26), (2, 22), (2, 25), (4, 27), (2, 21), (2, 24)}
Round 211 Bids: R : 0, B : 2 - BLUE starts
Found:  2 20
Path Tuple:  (0, 2, 20, [(2, 20)])
Focus:  (2, 20)
Before: {(2, 27), (3, 27), (2, 23), (2, 20), (2, 26), (2, 22), (2, 25), (4, 27), (2, 21), (2, 24)}
After: {(2, 27), (3, 27), (2, 23), (2, 20), (2, 26), (2, 22), (2, 25), (4, 27), (2, 21), (2, 24)}
Round 212 Bids: R : 0, B : 1 - BLUE starts
Found:  2 20
Path Tuple:  (0, 2, 20, [(2, 20)])
Focus:  (2, 20)
Before: {(2, 27), (3, 27), (2, 23), (2, 20), (2, 26), (2, 22), (2, 25), (4, 27), (2, 21), (2, 24)}
After: {(2, 27), (3, 27), (2, 23), (2, 20), (2, 26), (2, 22), (2, 25), (4, 27), (2, 21), (2, 24)}
Round 213 Bids: R : 0, B : 2 - BLUE starts
Found:  2 20
Path Tuple:  (0, 2, 20, [(2, 20)])
Focus:  (2, 20)
Before: {(2, 27), (3, 27), (2, 23), (2, 20), (2, 26), (2, 22), (2, 25), (4, 27), (2, 21), (2, 24)}
After: {(2, 27), (3, 27), (2, 23), (2, 20), (2, 26), (2, 22), (2, 25), (4, 27), (2, 21), (2, 24)}
Round 214 Bids: R : 0, B : 1 - BLUE starts
Found:  2 20
Path Tuple:  (0, 2, 20, [(2, 20)])
Focus:  (2, 20)
Before: {(2, 27), (3, 27), (2, 23), (2, 20), (2, 26), (2, 22), (2, 25), (4, 27), (2, 21), (2, 24)}
After: {(2, 27), (3, 27), (2, 23), (2, 20), (2, 26), (2, 22), (2, 25), (4, 27), (2, 21), (2, 24)}
Round 215 Bids: R : 0, B : 1 - BLUE starts
Found:  2 20
Path Tuple:  (0, 2, 20, [(2, 20)])
Focus:  (2, 20)
Before: {(2, 27), (3, 27), (2, 23), (2, 20), (2, 26), (2, 22), (2, 25), (4, 27), (2, 21), (2, 24)}
After: {(2, 27), (3, 27), (2, 23), (2, 20), (2, 26), (2, 22), (2, 25), (4, 27), (2, 21), (2, 24)}
Round 216 Bids: R : 0, B : 2 - BLUE starts
Found:  2 20
Path Tuple:  (0, 2, 20, [(2, 20)])
Focus:  (2, 20)
Before: {(2, 27), (3, 27), (2, 23), (2, 20), (2, 26), (2, 22), (2, 25), (4, 27), (2, 21), (2, 24)}
After: {(2, 27), (3, 27), (2, 23), (2, 20), (2, 26), (2, 22), (2, 25), (4, 27), (2, 21), (2, 24)}
Round 217 Bids: R : 0, B : 1 - BLUE starts
Found:  2 20
Path Tuple:  (0, 2, 20, [(2, 20)])
Focus:  (2, 20)
Before: {(2, 27), (3, 27), (2, 23), (2, 20), (2, 26), (2, 22), (2, 25), (4, 27), (2, 21), (2, 24)}
After: {(2, 27), (3, 27), (2, 23), (2, 20), (2, 26), (2, 22), (2, 25), (4, 27), (2, 21), (2, 24)}
Round 218 Bids: R : 0, B : 2 - BLUE starts
Found:  2 20
Path Tuple:  (0, 2, 20, [(2, 20)])
Focus:  (2, 20)
Before: {(2, 27), (3, 27), (2, 23), (2, 20), (2, 26), (2, 22), (2, 25), (4, 27), (2, 21), (2, 24)}
After: {(2, 27), (3, 27), (2, 23), (2, 20), (2, 26), (2, 22), (2, 25), (4, 27), (2, 21), (2, 24)}
Round 219 Bids: R : 0, B : 2 - BLUE starts
Found:  2 20
Path Tuple:  (0, 2, 20, [(2, 20)])
Focus:  (2, 20)
Before: {(2, 27), (3, 27), (2, 23), (2, 20), (2, 26), (2, 22), (2, 25), (4, 27), (2, 21), (2, 24)}
After: {(2, 27), (3, 27), (2, 23), (2, 20), (2, 26), (2, 22), (2, 25), (4, 27), (2, 21), (2, 24)}
Round 220 Bids: R : 0, B : 1 - BLUE starts
Found:  2 20
Path Tuple:  (0, 2, 20, [(2, 20)])
Focus:  (2, 20)
Before: {(2, 27), (3, 27), (2, 23), (2, 20), (2, 26), (2, 22), (2, 25), (4, 27), (2, 21), (2, 24)}
After: {(2, 27), (3, 27), (2, 23), (2, 20), (2, 26), (2, 22), (2, 25), (4, 27), (2, 21), (2, 24)}
Round 221 Bids: R : 0, B : 2 - BLUE starts
Found:  2 20
Path Tuple:  (0, 2, 20, [(2, 20)])
Focus:  (2, 20)
Before: {(2, 27), (3, 27), (2, 23), (2, 20), (2, 26), (2, 22), (2, 25), (4, 27), (2, 21), (2, 24)}
After: {(2, 27), (3, 27), (2, 23), (2, 20), (2, 26), (2, 22), (2, 25), (4, 27), (2, 21), (2, 24)}
Round 222 Bids: R : 0, B : 1 - BLUE starts
Found:  2 20
Path Tuple:  (0, 2, 20, [(2, 20)])
Focus:  (2, 20)
Before: {(2, 27), (3, 27), (2, 23), (2, 20), (2, 26), (2, 22), (2, 25), (4, 27), (2, 21), (2, 24)}
After: {(2, 27), (3, 27), (2, 23), (2, 20), (2, 26), (2, 22), (2, 25), (4, 27), (2, 21), (2, 24)}
Round 223 Bids: R : 0, B : 1 - BLUE starts
Found:  2 20
Path Tuple:  (0, 2, 20, [(2, 20)])
Focus:  (2, 20)
Before: {(2, 27), (3, 27), (2, 23), (2, 20), (2, 26), (2, 22), (2, 25), (4, 27), (2, 21), (2, 24)}
After: {(2, 27), (3, 27), (2, 23), (2, 20), (2, 26), (2, 22), (2, 25), (4, 27), (2, 21), (2, 24)}
Round 224 Bids: R : 0, B : 2 - BLUE starts
Found:  2 20
Path Tuple:  (0, 2, 20, [(2, 20)])
Focus:  (2, 20)
Before: {(2, 27), (3, 27), (2, 23), (2, 20), (2, 26), (2, 22), (2, 25), (4, 27), (2, 21), (2, 24)}
After: {(2, 27), (3, 27), (2, 23), (2, 20), (2, 26), (2, 22), (2, 25), (4, 27), (2, 21), (2, 24)}
Round 225 Bids: R : 0, B : 1 - BLUE starts
Found:  2 20
Path Tuple:  (0, 2, 20, [(2, 20)])
Focus:  (2, 20)
Before: {(2, 27), (3, 27), (2, 23), (2, 20), (2, 26), (2, 22), (2, 25), (4, 27), (2, 21), (2, 24)}
After: {(2, 27), (3, 27), (2, 23), (2, 20), (2, 26), (2, 22), (2, 25), (4, 27), (2, 21), (2, 24)}
Round 226 Bids: R : 0, B : 1 - BLUE starts
Found:  2 20
Path Tuple:  (0, 2, 20, [(2, 20)])
Focus:  (2, 20)
Before: {(2, 27), (3, 27), (2, 23), (2, 20), (2, 26), (2, 22), (2, 25), (4, 27), (2, 21), (2, 24)}
After: {(2, 27), (3, 27), (2, 23), (2, 20), (2, 26), (2, 22), (2, 25), (4, 27), (2, 21), (2, 24)}
Round 227 Bids: R : 0, B : 2 - BLUE starts
Found:  2 20
Path Tuple:  (0, 2, 20, [(2, 20)])
Focus:  (2, 20)
Before: {(2, 27), (3, 27), (2, 23), (2, 20), (2, 26), (2, 22), (2, 25), (4, 27), (2, 21), (2, 24)}
After: {(2, 27), (3, 27), (2, 23), (2, 20), (2, 26), (2, 22), (2, 25), (4, 27), (2, 21), (2, 24)}
Round 228 Bids: R : 0, B : 1 - BLUE starts
Found:  2 20
Path Tuple:  (0, 2, 20, [(2, 20)])
Focus:  (2, 20)
Before: {(2, 27), (3, 27), (2, 23), (2, 20), (2, 26), (2, 22), (2, 25), (4, 27), (2, 21), (2, 24)}
After: {(2, 27), (3, 27), (2, 23), (2, 20), (2, 26), (2, 22), (2, 25), (4, 27), (2, 21), (2, 24)}
Round 229 Bids: R : 0, B : 2 - BLUE starts
Found:  2 20
Path Tuple:  (0, 2, 20, [(2, 20)])
Focus:  (2, 20)
Before: {(2, 27), (3, 27), (2, 23), (2, 20), (2, 26), (2, 22), (2, 25), (4, 27), (2, 21), (2, 24)}
After: {(2, 27), (3, 27), (2, 23), (2, 20), (2, 26), (2, 22), (2, 25), (4, 27), (2, 21), (2, 24)}
Round 230 Bids: R : 0, B : 2 - BLUE starts
Found:  2 20
Path Tuple:  (0, 2, 20, [(2, 20)])
Focus:  (2, 20)
Before: {(2, 27), (3, 27), (2, 23), (2, 20), (2, 26), (2, 22), (2, 25), (4, 27), (2, 21), (2, 24)}
After: {(2, 27), (3, 27), (2, 23), (2, 20), (2, 26), (2, 22), (2, 25), (4, 27), (2, 21), (2, 24)}
Round 231 Bids: R : 0, B : 1 - BLUE starts
Found:  2 20
Path Tuple:  (0, 2, 20, [(2, 20)])
Focus:  (2, 20)
Before: {(2, 27), (3, 27), (2, 23), (2, 20), (2, 26), (2, 22), (2, 25), (4, 27), (2, 21), (2, 24)}
After: {(2, 27), (3, 27), (2, 23), (2, 20), (2, 26), (2, 22), (2, 25), (4, 27), (2, 21), (2, 24)}
Round 232 Bids: R : 0, B : 2 - BLUE starts
Found:  2 20
Path Tuple:  (0, 2, 20, [(2, 20)])
Focus:  (2, 20)
Before: {(2, 27), (3, 27), (2, 23), (2, 20), (2, 26), (2, 22), (2, 25), (4, 27), (2, 21), (2, 24)}
After: {(2, 27), (3, 27), (2, 23), (2, 20), (2, 26), (2, 22), (2, 25), (4, 27), (2, 21), (2, 24)}
Round 233 Bids: R : 0, B : 1 - BLUE starts
Found:  2 20
Path Tuple:  (0, 2, 20, [(2, 20)])
Focus:  (2, 20)
Before: {(2, 27), (3, 27), (2, 23), (2, 20), (2, 26), (2, 22), (2, 25), (4, 27), (2, 21), (2, 24)}
After: {(2, 27), (3, 27), (2, 23), (2, 20), (2, 26), (2, 22), (2, 25), (4, 27), (2, 21), (2, 24)}
Round 234 Bids: R : 0, B : 2 - BLUE starts
Found:  2 20
Path Tuple:  (0, 2, 20, [(2, 20)])
Focus:  (2, 20)
Before: {(2, 27), (3, 27), (2, 23), (2, 20), (2, 26), (2, 22), (2, 25), (4, 27), (2, 21), (2, 24)}
After: {(2, 27), (3, 27), (2, 23), (2, 20), (2, 26), (2, 22), (2, 25), (4, 27), (2, 21), (2, 24)}
Round 235 Bids: R : 0, B : 1 - BLUE starts
Found:  2 20
Path Tuple:  (0, 2, 20, [(2, 20)])
Focus:  (2, 20)
Before: {(2, 27), (3, 27), (2, 23), (2, 20), (2, 26), (2, 22), (2, 25), (4, 27), (2, 21), (2, 24)}
After: {(2, 27), (3, 27), (2, 23), (2, 20), (2, 26), (2, 22), (2, 25), (4, 27), (2, 21), (2, 24)}
Round 236 Bids: R : 0, B : 2 - BLUE starts
Found:  2 20
Path Tuple:  (0, 2, 20, [(2, 20)])
Focus:  (2, 20)
Before: {(2, 27), (3, 27), (2, 23), (2, 20), (2, 26), (2, 22), (2, 25), (4, 27), (2, 21), (2, 24)}
After: {(2, 27), (3, 27), (2, 23), (2, 20), (2, 26), (2, 22), (2, 25), (4, 27), (2, 21), (2, 24)}
Round 237 Bids: R : 0, B : 2 - BLUE starts
Found:  2 20
Path Tuple:  (0, 2, 20, [(2, 20)])
Focus:  (2, 20)
Before: {(2, 27), (3, 27), (2, 23), (2, 20), (2, 26), (2, 22), (2, 25), (4, 27), (2, 21), (2, 24)}
After: {(2, 27), (3, 27), (2, 23), (2, 20), (2, 26), (2, 22), (2, 25), (4, 27), (2, 21), (2, 24)}
Round 238 Bids: R : 0, B : 1 - BLUE starts
Found:  2 20
Path Tuple:  (0, 2, 20, [(2, 20)])
Focus:  (2, 20)
Before: {(2, 27), (3, 27), (2, 23), (2, 20), (2, 26), (2, 22), (2, 25), (4, 27), (2, 21), (2, 24)}
After: {(2, 27), (3, 27), (2, 23), (2, 20), (2, 26), (2, 22), (2, 25), (4, 27), (2, 21), (2, 24)}
Round 239 Bids: R : 0, B : 1 - BLUE starts
Found:  2 20
Path Tuple:  (0, 2, 20, [(2, 20)])
Focus:  (2, 20)
Before: {(2, 27), (3, 27), (2, 23), (2, 20), (2, 26), (2, 22), (2, 25), (4, 27), (2, 21), (2, 24)}
After: {(2, 27), (3, 27), (2, 23), (2, 20), (2, 26), (2, 22), (2, 25), (4, 27), (2, 21), (2, 24)}
Round 240 Bids: R : 0, B : 1 - BLUE starts
Found:  2 20
Path Tuple:  (0, 2, 20, [(2, 20)])
Focus:  (2, 20)
Before: {(2, 27), (3, 27), (2, 23), (2, 20), (2, 26), (2, 22), (2, 25), (4, 27), (2, 21), (2, 24)}
After: {(2, 27), (3, 27), (2, 23), (2, 20), (2, 26), (2, 22), (2, 25), (4, 27), (2, 21), (2, 24)}
Round 241 Bids: R : 0, B : 1 - BLUE starts
Found:  2 20
Path Tuple:  (0, 2, 20, [(2, 20)])
Focus:  (2, 20)
Before: {(2, 27), (3, 27), (2, 23), (2, 20), (2, 26), (2, 22), (2, 25), (4, 27), (2, 21), (2, 24)}
After: {(2, 27), (3, 27), (2, 23), (2, 20), (2, 26), (2, 22), (2, 25), (4, 27), (2, 21), (2, 24)}
Round 242 Bids: R : 0, B : 1 - BLUE starts
Found:  2 20
Path Tuple:  (0, 2, 20, [(2, 20)])
Focus:  (2, 20)
Before: {(2, 27), (3, 27), (2, 23), (2, 20), (2, 26), (2, 22), (2, 25), (4, 27), (2, 21), (2, 24)}
After: {(2, 27), (3, 27), (2, 23), (2, 20), (2, 26), (2, 22), (2, 25), (4, 27), (2, 21), (2, 24)}
Round 243 Bids: R : 0, B : 2 - BLUE starts
Found:  2 20
Path Tuple:  (0, 2, 20, [(2, 20)])
Focus:  (2, 20)
Before: {(2, 27), (3, 27), (2, 23), (2, 20), (2, 26), (2, 22), (2, 25), (4, 27), (2, 21), (2, 24)}
After: {(2, 27), (3, 27), (2, 23), (2, 20), (2, 26), (2, 22), (2, 25), (4, 27), (2, 21), (2, 24)}
Round 244 Bids: R : 0, B : 2 - BLUE starts
Found:  2 20
Path Tuple:  (0, 2, 20, [(2, 20)])
Focus:  (2, 20)
Before: {(2, 27), (3, 27), (2, 23), (2, 20), (2, 26), (2, 22), (2, 25), (4, 27), (2, 21), (2, 24)}
After: {(2, 27), (3, 27), (2, 23), (2, 20), (2, 26), (2, 22), (2, 25), (4, 27), (2, 21), (2, 24)}
Round 245 Bids: R : 0, B : 2 - BLUE starts
Found:  2 20
Path Tuple:  (0, 2, 20, [(2, 20)])
Focus:  (2, 20)
Before: {(2, 27), (3, 27), (2, 23), (2, 20), (2, 26), (2, 22), (2, 25), (4, 27), (2, 21), (2, 24)}
After: {(2, 27), (3, 27), (2, 23), (2, 20), (2, 26), (2, 22), (2, 25), (4, 27), (2, 21), (2, 24)}
Round 246 Bids: R : 0, B : 2 - BLUE starts
Found:  2 20
Path Tuple:  (0, 2, 20, [(2, 20)])
Focus:  (2, 20)
Before: {(2, 27), (3, 27), (2, 23), (2, 20), (2, 26), (2, 22), (2, 25), (4, 27), (2, 21), (2, 24)}
After: {(2, 27), (3, 27), (2, 23), (2, 20), (2, 26), (2, 22), (2, 25), (4, 27), (2, 21), (2, 24)}
Round 247 Bids: R : 0, B : 1 - BLUE starts
Found:  2 20
Path Tuple:  (0, 2, 20, [(2, 20)])
Focus:  (2, 20)
Before: {(2, 27), (3, 27), (2, 23), (2, 20), (2, 26), (2, 22), (2, 25), (4, 27), (2, 21), (2, 24)}
After: {(2, 27), (3, 27), (2, 23), (2, 20), (2, 26), (2, 22), (2, 25), (4, 27), (2, 21), (2, 24)}
Round 248 Bids: R : 0, B : 1 - BLUE starts
Found:  2 20
Path Tuple:  (0, 2, 20, [(2, 20)])
Focus:  (2, 20)
Before: {(2, 27), (3, 27), (2, 23), (2, 20), (2, 26), (2, 22), (2, 25), (4, 27), (2, 21), (2, 24)}
After: {(2, 27), (3, 27), (2, 23), (2, 20), (2, 26), (2, 22), (2, 25), (4, 27), (2, 21), (2, 24)}
Round 249 Bids: R : 0, B : 2 - BLUE starts

Saved replay file in ././replays/replay-9835066.awap22r
Match ended: '././bots/bot.py' vs '././bots/random_bot.py' on 'ridges.awap22m'
